24.80338
34.54239
29.30398
35.06748
23.91584
29.69832
31.14935
24.7754
32.4119
23.56313
29.43941
30.63254
32.62459
31.51423
31.55242
26.76956
30.31861
32.49388
29.30881
28.24276
28.48854
28.41842
30.69482
28.23022
27.86361
30.37412
31.87339
31.81462
33.93469
33.30879
29.52502
34.02684
30.72027
34.09985
28.96293
35.14105
30.35998
24.29625
26.73825
32.08141
32.31525
32.37164
29.04216
32.20007
31.89014
34.98368
27.73421
30.60393
26.31767
31.75024
25.5633
29.43188
29.04271
26.57444
30.59975
31.31165
33.9605
31.87714
26.23057
25.23724
25.23627
23.94422
30.38571
30.45404
33.45523
25.27252
30.05868
29.74645
25.92625
27.21438
26.62285
28.05239
30.2003
29.54359
30.85346
27.36281
30.98755
31.3165
33.95693
28.36052
35.52991
32.7635
30.74457
32.67629
34.88909
28.63668
29.19212
30.49834
31.1519
28.73673
30.26409
26.95063
33.10843
26.95146
28.57373
26.87218
25.82132
31.98961
28.00919
30.45742
29.35285
32.59761
30.52633
30.22839
29.97529
34.78391
31.16176
31.32517
30.37058
27.12565
26.46207
29.26048
32.36519
28.23426
30.52109
32.27421
31.74006
29.16937
33.79471
26.5487
34.06993
27.24824
32.03434
34.62262
26.99329
34.30622
34.81051
29.3353
26.81803
25.48261
33.03649
29.49627
28.52507
28.53978
28.52834
25.85267
34.49132
32.96914
30.79404
29.37656
33.02374
32.6037
32.05048
27.51572
27.5987
32.00653
27.99157
31.54169
28.97229
34.01774
33.80732
33.96594
24.31578
29.93733
33.30221
29.17186
34.88285
29.57702
24.06071
26.49575
32.65718
28.36705
33.55581
30.75376
35.5805
35.69288
32.32778
28.42777
25.78646
33.03664
26.69463
32.01514
30.68575
29.06879
24.7044
30.40022
33.73491
34.47572
29.47167
31.74577
30.69499
30.06655
28.40462
28.67892
30.69052
28.94036
30.65695
29.15468
33.20877
32.6806
28.15954
30.51825
31.94423
29.70511
27.15543
33.59838
33.18862
27.21537
32.54614
32.12397
26.65339
29.74547
31.34398
23.67763
29.00869
26.9401
29.15856
25.95338
27.78033
28.8541
31.11082
35.25306
30.72017
28.8385
28.96091
28.03862
33.8156
25.88629
29.06698
32.83262
33.47523
26.76278
28.66918
30.87345
29.44709
27.86336
25.77747
29.74049
32.875
31.6868
33.548
31.77245
20.04951
34.30883
30.63843
28.66356
29.5015
30.90032
28.39509
34.52168
27.45319
33.48935
30.98061
33.48438
35.4742
34.8029
31.943
25.84592
30.65386
28.36856
28.54639
28.64753
30.8793
35.79308
27.41978
33.90629
30.9735
30.8635
30.92581
29.64385
32.84781
31.8077
29.27689
29.53182
32.95024
30.84842
28.12462
29.11681
32.03807
31.75987
32.652
32.25855
28.69426
33.39159
26.09939
31.88452
29.89189
32.90003
28.1817
31.15416
29.88742
29.55793
28.03091
29.15234
28.09072
34.41271
24.32855
31.28894
27.21248
28.5553
26.62607
29.29145
34.49644
29.10908
26.97533
30.57092
28.97763
33.02082
29.06792
26.15123
33.90444
34.10759
31.79411
30.47683
32.7944
29.81818
32.68055
32.53619
25.10059
33.0382
27.22412
28.95428
27.01796
30.27534
25.26065
29.11573
29.48879
27.37815
30.07061
30.32732
29.55727
34.38577
30.04041
31.17033
31.06192
33.25324
31.43349
33.22594
32.77314
35.65203
23.81106
25.47114
30.31428
24.81181
27.36518
30.30038
33.25962
32.33444
27.62506
27.42642
32.26459
32.60719
24.36738
30.83925
32.09962
32.50984
35.39605
30.45052
34.17398
30.69124
24.67411
31.76792
36.2302
35.16541
31.85012
28.86022
31.46633
29.33179
29.67444
34.38961
29.60905
25.84065
36.03788
32.33631
25.82931
32.9136
33.64476
33.44358
30.02553
30.77384
27.52809
32.7968
24.72129
36.41323
30.46111
27.4002
28.68619
30.30621
28.40131
34.48006
25.10512
31.06825
24.51097
32.71954
31.95476
29.14322
23.91983
31.82094
24.71526
33.61793
28.5566
29.92333
28.24566
27.66899
28.42073
33.35941
31.82893
32.75475
24.75385
30.40595
30.40803
34.7285
34.48804
29.05753
27.90488
32.6817
29.79504
33.52724
33.62681
26.00746
32.93876
33.01339
25.5931
29.14461
32.50041
30.87424
30.01658
30.75314
25.41008
29.58848
32.39946
33.51047
32.40684
34.77777
32.63636
29.13982
29.7643
29.07027
34.83074
31.19201
31.31632
31.05581
23.54919
32.533
35.95994
31.29324
27.5236
32.40183
30.646
34.36417
34.28926
28.69922
32.98112
34.07825
27.14123
33.62949
35.2712
23.82498
32.22202
28.11535
33.34682
32.40907
33.25323
32.92935
29.86778
26.96273
34.46697
32.78491
27.17623
30.1763
31.18315
24.28519
28.82203
33.62343
29.36352
32.0296
33.17346
28.68918
32.52341
27.92532
31.19123
31.20574
30.0133
35.1911
30.2447
31.17792
27.10038
34.05174
27.20911
27.88602
27.96506
31.45739
29.72409
34.17447
34.43472
27.2361
30.41505
27.10494
27.08654
30.81322
31.64539
30.20589
29.51988
33.03817
33.50093
32.84183
29.57284
29.72542
35.06959
29.2978
29.50604
27.75809
23.51211
32.92601
27.38218
30.37375
25.40439
31.27808
34.94813
25.68364
32.09004
32.85224
34.74492
27.8177
30.35122
34.81028
27.92685
31.61866
26.81319
30.15042
33.50395
31.45295
31.65155
29.41512
29.82608
29.27537
33.44831
29.7239
30.46488
26.66533
33.57128
34.94321
27.72056
31.49904
29.45254
29.78643
32.62533
26.46095
30.46839
31.05703
28.61862
31.13638
31.81405
27.81051
34.018
29.3963
30.52626
30.89091
34.96009
35.54857
33.07346
20.39945
31.45431
33.96983
32.78404
31.21855
30.81302
28.22055
32.4792
29.91817
30.96483
33.89141
29.28335
28.63195
31.89606
32.18102
24.71856
31.19946
25.34531
29.20735
36.4339
23.26443
31.10065
30.85229
28.86689
33.32841
24.34655
29.92506
26.70498
27.15258
31.00708
31.62848
28.83403
28.71948
31.20021
30.00466
25.11696
30.25054
30.97283
32.93188
30.95144
33.97197
32.90016
26.96363
33.85691
31.86243
23.68515
32.41292
34.52081
32.05064
30.17013
31.95287
31.05091
27.27955
26.44607
28.26066
30.3685
34.13431
32.50224
31.42277
27.72431
32.93093
28.90103
30.57991
31.55743
26.52108
28.7754
29.02589
31.59578
33.2849
32.74507
29.97857
26.40763
30.45096
34.15239
32.62907
30.52212
24.8155
29.38683
27.58107
34.31973
29.82444
31.64613
34.55445
29.16429
30.86066
24.8684
34.29982
27.71737
31.07433
28.87947
29.90534
29.96227
28.57161
29.21278
34.09327
23.88439
25.0729
31.28096
29.62152
32.99882
30.24961
29.04614
32.12816
23.98595
33.13279
29.33489
32.85669
29.62674
30.76511
27.16208
34.40815
31.74866
35.44633
24.53158
29.27895
29.68765
24.90672
29.89532
31.46836
31.84986
30.64233
32.13412
25.80789
30.57713
30.77403
33.44994
27.90225
28.44766
33.34756
31.6418
29.76117
28.26463
30.76836
31.29372
29.75993
28.56545
27.95099
29.22909
30.84901
28.78175
33.3025
34.44529
32.57958
30.19952
25.18838
26.10825
32.23042
31.21517
32.56717
30.74585
33.20788
25.17794
29.7549
24.7559
34.22862
31.92502
28.5988
26.82856
30.81853
29.40712
32.36504
28.72387
29.84222
36.05516
31.78041
25.02977
26.90238
24.90607
32.59716
30.83472
25.81367
29.11309
31.78713
35.0988
24.11656
31.00449
28.26629
26.71147
30.92932
29.99336
29.0523
32.33008
33.69063
33.95442
32.17425
30.05062
29.34093
31.16967
25.99779
25.09165
27.25793
29.9657
30.45961
32.85987
33.11907
31.0196
32.67161
33.78852
30.05128
32.47903
33.06357
29.07557
29.05421
35.04366
32.49201
31.63239
26.70337
29.34317
31.74553
28.97408
29.0349
32.88703
32.17121
32.43166
25.41026
31.39894
33.1606
26.12225
33.48461
33.59085
28.27106
28.2352
25.63888
27.5019
32.10696
32.14474
30.22345
33.47064
33.63254
28.76595
29.56691
29.87425
30.13603
31.13212
36.25483
27.62389
32.33608
28.30986
28.47837
30.33759
31.83356
30.33428
26.69437
27.13565
30.55008
33.28903
25.75674
29.94466
27.20237
25.59374
29.93286
29.75008
31.28976
33.92084
27.47379
27.592
25.66413
31.53626
30.30581
28.05949
28.59807
34.30018
32.03209
28.31586
30.34749
25.06493
30.87616
32.93098
32.32921
29.24904
24.68581
29.79217
27.33461
33.95009
33.72134
29.12342
30.46358
25.61289
27.17836
30.79136
28.84172
31.30622
31.17222
31.33982
33.22984
28.28824
26.3062
34.12428
28.70557
34.5378
32.74451
31.30258
31.99528
25.20445
31.9236
23.17716
31.9345
25.23417
30.77709
29.70877
32.76697
31.34984
30.47806
28.69151
30.84673
32.26223
28.94368
30.89596
36.1291
28.23905
24.68554
33.53353
27.4806
31.57368
31.13707
32.94022
28.78102
35.33801
27.37519
28.71382
29.01687
32.6831
31.62792
24.02537
28.44074
32.00964
28.8738
31.0107
33.57487
28.85733
29.5201
32.0737
30.36613
34.20779
31.4404
25.55607
33.18152
29.63464
31.04725
31.97687
33.49096
31.12672
29.39716
36.04818
31.22984
31.37797
36.06316
26.36882
28.77664
32.51569
25.8488
29.75414
35.40418
35.35225
31.91692
32.52579
24.65057
33.43428
32.8635
28.95894
34.50676
31.64884
30.30729
30.76012
23.95476
36.35417
35.92857
33.3511
34.7338
32.45102
29.82871
24.62233
26.54932
25.14476
29.8917
30.23594
34.35858
30.39822
34.71625
32.02724
30.16484
31.50331
32.00786
32.71942
35.51733
29.98957
29.72794
28.46409
30.10705
27.96803
29.00436
32.28509
29.50922
22.5679
30.82764
29.48688
36.23871
27.11643
30.28917
30.38204
33.28673
32.23514
32.82199
30.81391
28.50406
28.65895
32.10952
31.03208
34.21729
34.29236
29.40998
31.01882
28.4147
25.73517
33.1468
34.59636
32.03911
31.00456
31.1468
29.89743
35.97933
30.37485
32.30578
31.02687
26.84507
27.6382
27.59596
27.70414
27.96544
27.69599
26.27402
29.06781
28.39693
29.92611
30.99819
27.93284
33.34094
28.25995
24.33454
33.99816
34.08346
26.32134
34.1023
32.15403
30.02558
28.41265
29.38185
30.74796
31.59965
33.04823
33.43726
28.83498
28.92641
28.41846
24.81389
28.49629
31.71072
32.62772
34.83986
31.83567
26.84122
25.02846
33.64896
24.33087
30.54451
31.90558
25.0773
24.24286
31.00472
25.64013
23.12098
26.9938
25.0144
33.00995
26.52808
29.35101
32.79349
27.82785
28.91121
31.09692
32.90033
26.8848
27.4538
32.1446
34.24229
33.58011
29.1823
28.46777
27.29082
30.84687
30.07117
24.34722
24.1737
32.07704
31.38528
30.66069
33.57108
26.30252
31.10576
25.90927
33.41516
30.71705
29.94093
29.27395
23.34492
25.46309
29.98145
35.39794
32.33101
31.49955
30.1767
29.72446
30.62188
29.03389
27.69505
30.8198
26.65096
27.94173
23.87392
28.14215
29.01199
28.89488
33.36908
30.72979
30.87452
33.92798
29.90159
28.28047
27.58824
34.06542
29.49449
29.53825
30.16119
30.47526
29.06513
26.13005
33.83255
25.17635
32.26547
31.52098
29.39346
32.32947
33.83505
31.81007
32.04787
30.17899
31.25445
33.58637
26.33158
30.40235
31.65595
30.15177
32.49144
23.58586
27.22028
33.70982
34.38425
31.15404
34.1952
32.23051
24.75422
26.62732
32.17146
32.00081
21.17858
30.01178
30.8828
31.44187
36.26925
25.65555
31.06163
24.81232
27.83332
24.65546
34.88245
35.92767
35.40484
34.06366
26.87074
25.31925
27.5244
30.39905
31.13639
30.7363
29.72662
29.96845
28.02258
32.36819
31.33812
24.40231
26.58986
27.01211
29.32526
25.15967
33.47785
29.48834
34.14472
34.83801
31.70477
32.42694
32.04219
27.11775
24.41066
29.86762
35.21874
20.95577
34.75572
28.31762
30.37944
28.25295
29.56678
28.729
32.13726
36.06358
28.49787
30.61453
27.65157
32.28419
27.18571
31.87072
33.47972
33.15556
30.19308
30.54408
31.88893
28.29856
31.0596
33.49263
29.58543
30.42429
25.63335
33.86631
23.32638
29.16581
29.99748
31.67243
34.86378
28.38421
33.86075
27.93966
30.51923
32.99721
28.48809
32.91425
30.39879
26.03009
31.57126
32.91425
29.34089
32.32165
29.20484
27.70437
28.22696
28.65998
29.92327
28.76927
29.67471
28.06617
26.90395
25.08538
29.77526
31.8882
31.06468
32.58173
30.86429
28.19294
26.62846
28.17617
31.55503
29.67676
31.3758
33.61248
29.99243
24.6426
33.7182
28.00192
33.36671
30.70539
29.04139
31.94829
28.44901
24.76157
34.00273
32.05957
33.29582
33.50967
30.21894
29.75549
28.61479
34.34137
31.74
25.05095
31.8413
24.56351
31.35695
29.10202
30.63613
34.31994
25.94054
28.75378
25.80055
30.8052
30.56817
29.44848
27.876
29.58514
24.6257
31.17552
28.94803
32.97332
32.39681
28.07243
33.39073
24.1293
29.88205
30.86977
29.95438
28.83075
24.70104
32.54787
27.27139
33.71073
27.60669
34.27644
28.73657
30.73513
28.96255
31.07709
32.11112
25.01848
32.17205
31.51126
27.92284
29.80385
27.18765
33.76286
27.38537
30.00311
30.54138
34.60253
31.14772
25.71836
27.72586
28.08183
32.64905
33.03568
32.39565
32.62315
32.82072
28.47058
34.03766
34.91496
32.96328
26.85271
25.80803
28.11586
29.95444
34.6302
32.73155
27.77012
25.45249
31.61706
28.62647
29.167
29.20575
31.27514
28.23631
32.86237
31.67728
33.09025
31.40798
31.33374
31.87756
29.51005
30.426
34.23098
31.79524
29.71594
29.42128
31.15917
27.07584
32.93087
30.45564
30.00731
31.72779
34.1313
31.7135
31.47323
29.37592
29.39341
30.86051
28.6262
32.15707
31.4954
33.28869
32.40738
31.47682
26.98054
30.33847
32.49918
32.40968
30.43939
31.88795
28.16048
32.10529
32.7999
26.49007
30.05316
33.3336
24.70212
28.47694
28.98403
28.99546
29.93488
30.60476
33.42239
29.10488
34.13275
28.3847
31.38457
29.23513
30.50712
30.48942
31.44799
32.79758
32.79596
28.77769
27.95765
27.95895
23.53415
31.44483
33.06698
30.79553
24.25701
29.1134
29.09259
30.73337
27.52512
28.99273
35.79371
32.82436
33.84793
29.73061
26.96207
33.94149
31.71931
29.36346
31.83831
30.07861
32.759
28.61042
29.68026
25.77703
30.53681
27.85771
27.84918
26.66582
24.1369
33.67613
34.00896
29.20056
30.94084
28.26678
30.12616
30.77609
27.31948
29.34259
32.95951
36.04729
30.99712
23.21849
29.06095
26.514
27.37736
30.8493
28.66839
30.0208
28.55244
31.17922
35.34689
33.04331
27.77827
32.49234
31.48737
35.35103
32.54169
31.54019
27.56609
31.83251
26.94293
25.29554
26.82472
31.07949
30.93489
26.85287
25.7925
29.48163
34.6352
27.47777
33.81727
26.89766
32.90661
26.45165
31.39288
32.49086
28.92689
27.15034
31.72751
25.70946
28.11024
28.27868
26.23393
25.51206
29.60313
28.80531
30.74412
30.41022
31.35258
29.88852
28.55192
30.55913
31.72769
31.88956
34.50778
33.30923
29.31445
25.92348
27.85332
27.40002
31.84773
32.77736
28.1193
29.39883
29.03768
26.68398
32.9578
29.84489
31.96735
28.40466
30.7155
29.34189
33.36163
28.96309
27.55956
31.35022
32.85148
27.6993
31.55367
28.75095
33.5004
33.85179
25.93965
27.45755
30.8299
30.14211
27.51479
30.60463
28.40355
31.97787
26.56714
25.49029
28.09182
28.57817
32.99395
30.70798
30.13192
27.86535
27.26204
25.89197
30.08155
30.02011
31.25817
26.93626
29.62897
25.24262
33.88963
25.15007
29.59869
33.74846
30.39775
31.7603
29.47359
33.20339
33.5834
30.32056
30.34774
34.43897
29.49101
27.32384
25.5451
30.62315
30.62849
26.14149
31.13367
30.90961
25.79358
31.20122
28.12089
28.86001
30.02805
28.79719
27.79803
30.66234
29.49968
30.05097
34.42144
32.97379
30.7706
34.05593
32.89188
28.98829
29.90692
30.29524
35.14972
27.80697
31.57968
30.0021
29.82411
30.52083
27.08099
32.50459
27.14025
32.33759
24.70471
34.34426
31.97873
26.61279
31.19527
30.28603
32.72293
32.26384
32.8079
25.96933
26.98579
30.4197
31.43938
29.45572
32.70697
30.2403
29.14634
24.28003
26.76848
30.7904
25.18192
25.86886
35.14749
29.59912
25.34696
32.96004
31.33929
27.95736
29.98532
28.24414
31.24139
27.62851
29.92966
27.61767
23.98535
27.67312
31.27806
34.38946
31.12983
30.76628
28.43087
28.83282
29.57888
26.5669
32.8966
25.8844
23.48932
33.37308
27.26535
31.53528
33.88679
24.50767
30.61706
23.71491
25.23356
31.62516
29.1187
29.48896
31.14736
28.07467
32.24106
29.73608
29.76461
30.84855
27.36652
23.53637
30.50741
30.67424
27.08794
35.1898
33.20473
33.56694
28.38239
32.66317
27.48608
29.77266
26.64991
33.6523
27.9946
27.16571
30.12441
26.45687
30.11004
36.10101
29.38413
31.00772
26.16409
25.74648
29.49981
27.80373
34.03947
26.08613
32.92548
30.62887
29.02829
32.56751
30.72633
29.4809
30.40194
24.93985
28.69233
28.39649
33.06378
33.45673
29.21764
27.3759
30.25064
31.90838
28.84173
31.67972
30.75949
34.23017
31.94788
32.33235
35.14459
27.20323
28.93467
24.83969
26.00113
24.2011
28.76954
27.62069
33.68929
33.24959
32.60949
26.99088
31.12921
25.55142
31.99121
28.45918
27.60762
27.9602
30.08908
29.01939
33.73595
29.65449
33.64513
32.33677
30.02809
32.46994
31.17674
30.42652
29.55106
33.54787
30.14303
28.42062
30.11047
27.32872
32.73932
30.293
27.72591
23.18829
32.96158
24.39936
26.68985
29.39693
29.48952
31.07716
25.66983
33.80733
30.686
23.85792
27.55301
33.78744
27.57864
32.98907
21.29086
30.90999
29.70458
30.73467
29.08378
28.85259
30.54876
32.0139
35.30725
28.78515
23.20524
33.69438
31.72979
25.7644
32.76247
30.95354
32.82066
30.56634
31.4618
34.40962
28.81151
33.16306
30.51741
30.02659
32.68018
33.56552
34.39171
25.05041
26.40419
29.24883
31.66108
34.46484
28.50679
26.63346
29.20568
32.02285
28.24057
31.1994
25.20647
28.61975
28.84059
30.4442
27.45657
34.5547
35.46682
28.75179
30.23937
33.15717
26.94046
32.0348
33.7423
33.03223
27.3783
28.75918
27.15988
32.59853
31.2033
27.95793
30.63342
32.7963
25.59167
26.12224
34.51524
33.43396
27.17389
32.63145
26.22841
32.91132
25.77669
32.23857
31.41476
33.23454
25.64322
29.38525
30.48555
31.77998
32.51526
33.05704
28.60719
34.15771
32.27249
31.92966
31.32761
27.6412
32.83112
30.01169
33.00214
28.96308
32.59086
25.30368
32.70932
30.52011
28.82855
33.19144
30.49045
33.82488
24.083
27.87832
29.44336
27.2867
32.73233
25.99393
25.78564
27.48356
32.17893
35.2775
28.96866
33.29699
26.38093
25.08362
31.09288
29.72164
29.01862
34.53855
31.08813
27.8417
30.82166
28.71188
24.79033
32.8382
28.69443
27.02845
25.44952
30.20949
30.8199
23.81247
30.60592
32.62134
30.25134
30.15634
30.04146
30.05226
31.81566
28.00279
28.67905
27.80068
30.7125
32.6888
29.10795
32.74544
31.20783
32.94725
29.57259
30.44667
29.42594
33.4117
27.2746
33.08949
29.05804
30.27837
24.53881
30.56556
26.29972
28.91225
23.62629
30.70679
28.69633
27.08913
34.05805
34.48321
30.02949
28.11647
32.34002
35.57843
31.7214
29.39668
29.55399
35.74079
30.03606
31.1881
32.82265
27.7558
29.20577
27.08545
27.87567
35.02174
31.17499
30.36071
33.72989
30.53425
33.23448
29.31124
25.94486
24.81024
34.9409
32.01452
30.12228
29.77526
27.26631
28.07959
31.47736
29.74208
30.16009
28.04929
30.97084
25.53357
30.08047
27.00145
32.68809
33.37103
28.26031
25.07744
28.59853
30.52926
26.30387
25.78683
29.28171
31.55622
31.44455
31.58531
34.90399
31.33736
29.83292
26.52463
32.51469
24.86057
24.77097
24.34971
31.31738
31.77813
34.70075
31.45209
30.62141
33.18356
31.44352
29.73015
27.94016
30.01513
30.63856
31.83922
31.05806
30.18225
35.00235
30.84322
26.48973
29.8532
31.40203
27.9075
29.35357
29.32347
28.8646
32.82776
32.54023
29.3857
31.38958
28.13585
29.29305
31.41033
30.10956
28.94444
27.57417
30.52883
26.44085
27.24151
29.31263
28.04567
24.22038
29.77772
28.67157
33.50227
33.26707
30.21304
34.137
30.77231
29.93858
30.20261
31.48214
28.26936
29.13757
29.91576
30.86085
30.98974
31.85718
33.76533
26.46055
27.56247
29.95681
30.26385
26.12094
29.86462
31.91667
29.25439
23.64708
33.15492
31.85878
30.70772
30.89591
31.36468
32.80328
32.2559
29.54556
32.21205
25.97079
30.84861
25.4882
31.56177
24.58682
32.6679
28.45443
32.77491
31.59843
29.90284
33.92808
28.81974
27.18166
31.6971
33.87135
28.65563
31.65598
29.62382
34.93595
29.05694
36.56633
21.20797
31.61027
29.60211
32.45505
26.95526
28.45739
32.54661
32.23123
27.46836
31.54438
27.92015
32.60034
32.14329
27.22555
29.51275
27.62372
29.85304
30.0182
27.04862
33.17861
31.40369
28.93635
28.55462
25.81617
23.68443
30.87636
31.2868
32.47643
28.55769
28.82059
27.20834
30.26953
25.59732
32.77509
34.22662
26.87024
35.37691
29.65747
29.17615
33.69818
35.03678
25.63846
29.99723
30.11031
31.01912
24.59965
25.18248
32.77676
32.03004
32.42614
30.35342
29.92369
28.63702
28.71833
28.99108
26.67739
27.3515
31.92243
31.13607
25.01166
33.35433
30.08322
26.28207
27.70222
32.36533
33.03131
36.04218
32.55562
32.88386
26.68383
21.07894
32.23099
30.403
30.4195
20.60903
29.45501
24.52161
30.07283
25.89956
29.85417
28.97905
28.13673
27.78282
31.64977
26.46843
34.41593
29.64797
28.34799
29.04589
28.12199
31.5968
32.16196
32.16648
32.58974
33.30257
33.77195
31.13824
29.49105
30.84242
29.25997
30.95271
29.49161
29.06262
29.87593
30.54714
30.04153
29.87407
30.6591
32.95993
30.45878
31.76331
28.26229
32.37696
30.50499
31.3359
29.60415
30.5201
34.37822
33.83915
34.99989
32.29279
29.0279
30.45749
33.12263
31.08309
30.76175
29.66156
25.88765
25.64933
35.56013
31.90263
29.04372
32.12123
27.89191
33.951
30.57424
30.30843
32.9106
32.44113
29.98096
32.32885
29.83404
29.44612
32.22084
31.20047
33.79877
32.46829
34.01258
29.82084
34.52033
35.00015
30.80948
31.21627
24.57548
26.81764
29.66714
28.95162
28.89316
28.71535
30.63553
33.15592
26.73013
32.03274
27.3088
31.04924
33.58251
33.69452
33.14949
27.03214
26.45212
28.06815
31.24784
32.79964
34.70966
29.60333
31.36002
33.4233
27.82058
31.77914
31.05048
26.95352
29.00611
30.71299
27.63404
27.63309
34.48356
28.7064
28.9714
28.37871
30.06374
30.75478
30.89844
31.04216
31.15292
30.33364
31.91288
24.31991
32.10261
27.60124
30.83237
32.27998
30.3168
28.38474
31.84689
32.48907
29.69695
33.72455
31.53244
32.26343
31.56429
32.75568
26.62628
31.91769
34.22443
25.1578
28.01395
32.1743
33.24658
34.30278
32.75837
29.0129
29.95971
33.93857
32.20614
32.30374
34.70377
32.35756
31.52859
31.60892
24.6937
30.95881
32.30112
28.42495
31.36827
27.21595
29.44834
26.73439
27.37034
28.84004
31.76966
28.46359
34.78027
33.20315
30.99059
35.46113
27.89353
26.5203
30.31402
31.84923
31.18212
31.46779
27.17939
28.7316
27.2429
36.01155
35.13381
32.26186
26.07827
30.2612
32.20304
30.26069
29.42156
30.83389
30.50885
28.35552
30.55907
27.72077
26.60623
33.51741
31.67226
30.84427
25.77965
35.43775
30.72788
29.95527
32.54117
29.58833
31.94652
34.09289
28.14371
34.53579
36.63505
33.73582
26.45512
29.90787
28.377
28.84207
29.95352
29.02411
26.35962
30.33851
29.27782
30.9542
28.44898
29.55271
29.94014
28.21227
33.29968
33.13216
35.64493
28.97822
31.31326
27.43581
30.20056
29.8714
23.92944
29.2153
29.21798
32.23202
31.54879
29.31791
33.26352
28.49846
34.12581
28.23289
26.02205
31.53979
28.76921
28.51191
26.67804
32.13437
30.09289
24.06038
30.9274
27.35955
31.44494
24.17616
32.35596
25.29711
34.33893
30.69276
31.62894
24.76389
30.7812
28.74881
27.35838
34.04257
31.78686
30.19307
26.59814
32.28438
33.93105
24.70584
28.4059
33.6177
31.44371
33.23362
33.14092
27.76586
26.99097
30.248
33.21441
29.25922
32.26366
26.64077
27.44783
34.66566
30.31387
29.89829
30.18356
34.10462
25.53805
33.90501
26.51739
31.07065
32.16751
33.70347
29.28461
32.13367
29.28992
30.91296
32.75511
31.90147
32.16973
28.9642
30.16966
31.97392
32.46904
29.31028
28.42859
31.72491
33.40035
22.95863
26.1532
29.92208
27.49267
26.95952
29.52035
31.67694
34.05302
31.69655
25.39009
29.3965
29.20991
33.62359
27.19279
30.42826
34.53572
32.43722
30.88271
27.82832
29.79125
31.50947
24.59682
28.08521
33.09266
30.83885
32.44116
28.16106
30.75963
32.01538
31.45607
26.77299
33.57115
30.32034
27.51747
28.12345
28.86997
27.74326
29.25263
29.71025
23.80793
32.36204
28.38325
26.15536
30.23327
25.62866
34.38179
29.58069
25.68288
34.30471
25.25267
31.54052
30.44904
33.2366
29.85583
25.07295
30.96278
29.84832
27.70068
25.31495
31.12163
34.7791
34.41358
32.43581
33.52147
30.7348
33.13684
29.34004
32.54586
34.27732
30.11023
33.83993
31.90052
33.03024
33.38549
32.75266
28.16132
28.80485
30.95127
28.58051
28.73226
29.54135
31.45721
28.97518
29.16576
25.20448
33.92989
32.84238
26.58952
34.67584
33.84525
30.69391
30.94443
28.03185
27.97633
28.41003
31.86586
31.17353
30.92939
29.51289
29.24207
31.47387
32.4647
32.28541
29.81369
28.9234
30.24705
29.04506
26.00436
28.19985
29.82552
27.77356
26.95502
27.46997
27.67677
30.44061
27.44132
30.31225
32.60316
30.03538
29.37161
29.83277
34.59128
29.97968
28.75692
28.31285
32.67221
35.57035
30.8158
31.95859
27.82059
28.22509
28.37835
28.38516
32.28422
29.77901
30.33813
33.03258
30.3233
29.37637
28.78055
35.66713
29.52938
33.53671
27.36075
31.8076
28.82925
33.87566
30.09707
29.5227
30.66786
30.80209
34.005
28.70677
33.72367
29.99888
27.51217
28.91533
33.06098
32.82931
32.47783
33.08359
28.98667
31.19788
28.75899
32.61946
34.31272
26.74322
29.83174
33.74236
31.07624
32.96534
32.27148
33.21523
35.01168
31.82711
34.99662
27.16832
30.24403
32.95281
28.84077
32.89097
27.87303
27.39346
35.77405
33.4041
25.0186
31.93604
31.7983
27.49126
28.52243
28.70625
27.10907
23.63528
33.53248
33.18847
32.72734
32.39102
29.12499
33.09937
35.78373
33.31483
32.76964
21.00544
27.98259
33.47087
29.4032
27.47695
33.01617
30.1718
33.25279
28.87981
32.63075
32.4312
31.82548
30.06524
33.52377
27.20873
26.91958
29.43318
25.78917
32.12311
32.41723
34.77332
32.90662
33.82785
32.62205
27.16911
32.51902
26.21694
30.87325
33.75992
32.33888
30.1015
31.86146
33.19413
34.22663
32.01694
29.49658
25.65503
30.09548
32.04783
27.14926
28.02424
24.83713
27.8689
33.3905
31.19396
31.73385
28.02018
29.23607
31.37972
30.16619
29.1834
27.52524
30.0385
28.29082
31.11896
33.5464
28.17162
30.9931
29.38001
31.08768
32.44165
35.69651
31.30393
28.60589
26.99825
33.31764
30.01845
30.4099
27.1172
28.70663
30.16927
30.98773
32.91897
34.12691
30.48079
36.37133
28.39493
32.5825
32.11828
28.89328
32.5881
31.6176
35.00701
27.59138
32.49976
28.47753
35.05065
28.94605
31.06733
30.92499
30.11583
20.3725
29.57462
29.19692
27.04854
31.69022
29.62977
34.65342
26.79911
31.10661
28.66275
27.25305
29.36021
31.70586
32.23413
30.05782
35.41252
29.67917
31.67603
32.79727
33.90182
30.07818
31.75129
28.39152
31.5699
32.89354
30.52202
33.48047
32.66899
29.82012
34.61749
25.56358
32.11696
30.6754
32.87821
33.53873
28.717
31.6507
28.07501
29.65269
31.59991
26.81641
30.15753
31.88155
30.22398
32.61455
31.5811
32.58231
28.70357
33.69993
27.01501
27.18577
31.45252
34.7724
34.51252
27.62334
24.21444
27.57139
34.24946
24.87304
31.27581
24.9984
27.41587
25.96052
29.83038
20.42267
26.69807
31.4036
23.80584
29.40629
24.88923
30.56253
30.57264
32.23532
33.04251
29.7578
28.04271
24.91826
31.78791
26.09677
35.55392
32.79836
31.11156
29.73326
30.59331
31.58799
30.98697
30.85871
29.26006
33.21981
32.72659
28.70548
31.01188
29.50047
30.26486
29.54999
30.32862
32.1019
32.80099
29.63183
33.5574
29.84359
31.36614
30.76338
30.14965
29.42733
28.43099
31.29994
23.81817
32.2049
27.72266
31.6716
27.12878
23.96468
29.0721
31.5495
30.45073
30.68278
28.85862
30.38443
33.18317
32.19371
33.35322
24.39536
31.84854
29.46585
33.44547
34.00965
30.62314
32.50787
31.82496
31.24655
28.76648
31.14481
28.08913
33.21886
29.74478
31.66704
31.28184
35.37632
30.48765
30.31892
29.12287
32.34223
26.64204
25.40809
25.97593
32.84653
26.93247
29.07617
31.13867
32.27486
29.40983
27.22004
32.35789
31.4643
29.70254
30.63743
32.10112
29.78734
33.14341
24.76938
30.48215
27.21869
29.22989
29.62784
30.01508
30.59833
30.58477
28.42686
30.81637
31.40147
24.42086
29.22459
33.11929
28.69834
31.94802
28.46885
29.82229
33.65985
29.7908
24.80821
32.73857
35.34271
26.54886
27.6648
33.1643
34.37467
29.53307
28.45869
32.52646
28.2555
30.46918
29.45737
33.20696
25.35286
31.38604
29.27792
33.05926
35.64268
31.16406
27.94783
33.83543
26.08474
31.08569
34.73698
30.57195
31.28934
25.41413
27.80517
29.95497
32.48704
33.44931
26.74109
30.3703
27.04237
30.09649
29.41195
31.58775
33.60071
27.36627
30.47181
33.64163
26.62081
25.18958
31.17425
30.24877
24.54136
33.85888
26.86221
30.86551
26.00095
32.77947
31.16515
28.40704
33.04948
34.89881
29.32439
33.54429
30.59454
30.40288
30.00943
30.95348
31.54028
25.00021
28.74351
31.38256
30.75379
32.55662
33.97767
31.49671
32.16012
34.2557
31.23645
29.14609
29.56843
33.59866
33.2147
34.89931
32.75095
31.18257
32.39393
25.70316
30.1572
25.08225
33.15976
27.08157
30.21395
29.88459
34.53386
28.82475
33.19716
25.19758
34.66017
30.2613
27.75592
30.16189
32.60241
23.48446
33.21477
27.12369
27.49205
25.6521
29.59782
29.47912
30.96513
34.04941
30.74701
31.95228
28.8629
24.9138
32.7123
31.63312
31.38794
28.87546
34.40554
30.06236
33.3804
28.86269
29.45036
25.39605
25.51225
32.57635
29.27912
34.75222
30.27892
29.48244
26.61325
27.85087
32.62335
28.87073
34.28902
34.14103
29.85968
33.70524
29.50868
28.12738
33.53366
32.60519
26.86337
32.84248
35.01477
25.44234
29.25217
33.05195
25.43585
31.61012
35.33398
29.65292
31.57925
31.03014
27.82854
32.56042
32.97981
32.44364
31.41275
31.27102
33.68425
31.02745
28.90942
30.37215
26.78575
31.07246
31.94852
30.15881
29.53013
29.41976
32.74832
32.31454
29.56081
30.02231
33.44304
33.86102
25.85539
27.54033
32.57056
31.07851
33.47562
28.72239
31.07316
29.19197
29.41465
30.17552
33.44836
33.89088
32.59651
30.16879
27.43262
29.83546
29.65582
25.01331
23.43432
30.9212
28.60807
27.54382
31.93438
28.40437
25.86205
27.23091
33.38022
28.76764
32.43601
35.4869
27.56116
33.28554
33.86748
33.35644
33.86302
24.14925
28.33681
34.02177
26.83818
29.18575
29.80207
28.93115
29.65755
34.34696
29.87648
26.95086
28.27458
28.999
31.31964
34.51022
32.01101
32.9971
29.44785
34.77849
34.64254
29.27519
33.81708
35.42486
32.5422
31.59466
33.85257
23.83971
29.02083
32.89628
26.61578
25.72076
26.53934
30.39744
35.23867
30.97685
27.67418
23.21725
31.97565
28.03439
31.05287
31.30551
31.68681
31.55332
30.1599
31.54693
32.84012
32.55119
23.88314
33.04468
35.21551
33.18848
26.60925
29.46835
29.93228
25.59107
32.51713
31.42967
25.16211
28.32985
33.03218
28.74991
33.35868
33.49551
28.52376
29.41018
26.51742
32.40941
34.33377
29.49355
34.26125
31.21194
33.68307
28.94123
26.10364
30.8795
35.20985
31.07776
23.77484
32.62377
31.76576
32.40324
32.23996
28.81973
31.70968
34.87521
31.30498
30.19229
31.58687
30.44821
33.85672
31.94403
34.49381
31.79974
28.88058
33.194
33.42712
31.6418
29.96042
29.54484
32.19761
35.12855
33.69827
30.02112
32.89568
33.54935
34.34478
26.53156
29.85905
31.79617
27.01735
32.37441
19.64519
32.7657
27.76477
31.56335
25.45213
33.92654
28.85934
28.27456
31.39852
27.00695
27.22154
30.24525
31.85446
33.24766
26.66142
32.17513
29.3112
34.65208
32.18937
30.76357
28.14672
28.87831
27.12742
27.55246
31.53032
31.11085
34.03403
29.69988
31.39223
30.604
30.09109
32.21479
34.46028
31.9173
30.57224
31.3881
32.19489
33.22983
25.09888
29.05427
27.06377
29.64984
33.51427
27.43798
33.10191
25.21583
30.7262
30.17978
28.09273
28.27057
30.34827
30.65109
33.48791
27.60493
29.52562
31.70559
35.44902
29.28511
32.92093
31.49907
29.02666
24.91353
31.20983
32.21786
25.18496
28.96311
31.95946
29.53637
34.09523
25.60507
27.66134
28.30195
29.35117
29.51546
28.64747
32.0072
27.6884
31.77218
23.71371
32.94898
34.04124
35.43555
29.9891
26.08588
28.25773
29.62969
31.03558
26.7412
29.32318
31.29979
30.10476
25.16061
31.59423
29.87523
31.86535
27.4375
31.66655
29.6158
33.87419
31.4772
35.23602
33.89996
29.70208
23.68883
29.17967
33.27173
34.06472
33.93106
29.43928
33.62121
33.70548
32.9367
31.8979
30.96417
28.85331
26.74275
27.52796
30.10695
32.43964
26.03121
23.71663
29.8237
33.07232
30.75234
32.64503
36.32006
35.33509
34.21711
28.03141
26.41111
31.44942
28.14744
30.41338
33.03816
33.98371
29.45243
24.64683
31.36038
32.40763
32.83818
24.66806
27.65464
29.58007
29.94873
31.40079
30.38935
33.37337
31.96167
27.94076
27.47582
33.11106
27.89066
32.23592
29.77448
27.28797
27.62017
34.00662
26.03361
28.32928
31.23041
30.01338
28.72392
28.67685
31.56456
27.30695
33.20374
25.40772
28.66735
26.94796
32.42764
32.30184
28.03117
29.6723
28.42535
30.2042
33.84604
30.17241
27.64686
32.8046
32.30232
30.16357
31.26886
26.72154
29.62944
32.10556
33.64248
31.90848
30.19139
26.11006
31.7464
33.16649
28.04553
33.85285
32.04976
32.91108
29.52825
30.67234
29.27447
30.48496
34.47628
29.14311
31.42084
25.90365
32.60432
29.46292
28.92825
31.42852
31.97158
34.12219
30.542
24.39691
28.82066
29.37914
28.61526
25.37414
31.77772
28.15479
31.02574
29.75063
35.31189
31.75658
29.66905
27.55647
33.52272
26.60954
36.05852
28.77903
29.04344
30.25258
29.29253
31.27611
35.95794
27.41237
29.03381
31.38082
25.72641
32.43387
34.90838
29.44949
30.2735
31.13318
29.04476
29.79589
34.2278
34.32599
33.48413
34.12819
31.76235
30.29421
35.05679
31.0939
32.91367
29.30833
31.43588
29.1855
28.92918
33.47237
35.06012
32.17789
30.39376
26.16233
27.30955
31.19579
28.96724
31.85756
31.86118
32.94024
30.94077
29.51741
27.96013
28.45927
30.27785
26.80753
30.60846
29.10585
25.04885
29.19018
29.95896
29.35487
30.40871
31.63462
32.12907
24.98906
31.65052
32.82247
29.09544
24.56727
30.13815
31.33595
28.45836
30.18747
31.05673
33.97351
31.13628
31.30988
27.77872
30.19822
27.07198
29.08718
30.02852
30.50521
33.83993
35.18768
35.90703
31.76301
27.82092
32.75123
33.49079
30.42583
33.38432
29.60411
27.43861
25.91488
35.30131
30.39201
34.46654
32.68017
29.59526
31.13189
32.16338
33.04095
31.70164
30.4485
36.08169
32.93695
30.98983
34.83903
31.00735
28.397
30.35137
31.80329
29.43996
29.73261
25.59343
35.074
28.48144
28.1657
30.23926
33.0687
30.03174
27.76058
32.07148
31.60996
27.6757
32.45435
34.16829
25.20162
26.10539
31.71699
31.68018
30.71582
26.58446
26.7983
28.98827
29.40491
33.36599
34.65575
33.35159
30.95853
35.94372
34.33425
33.03998
28.17708
29.79462
28.28886
33.83396
33.07913
26.8393
32.10005
32.78932
23.34985
30.22106
31.11154
31.06507
29.56486
30.61762
33.27059
34.3089
30.10664
32.94287
28.83048
29.55306
30.11978
31.45349
31.90573
23.78012
31.03909
31.70457
31.35483
30.88091
29.2174
29.97813
35.6959
26.01246
34.14681
31.10789
29.80432
24.99818
25.45032
29.94006
33.22388
28.16204
33.95289
29.59141
29.36946
30.33924
33.08374
24.4534
32.34876
29.61421
30.92005
30.31962
26.05329
29.63287
33.30619
32.54226
29.77006
31.40039
31.84226
20.95757
30.82573
24.28851
31.05305
32.32651
30.39173
30.72196
24.55356
28.75424
31.14463
25.98516
29.34111
26.02871
27.34477
30.0373
28.88295
29.56374
28.65742
33.63468
26.2711
32.09054
31.77317
28.1037
31.6592
26.61681
29.76149
29.64649
30.48366
35.10852
26.27231
31.76027
33.63016
33.31303
29.5438
28.61343
24.83191
32.81454
28.8207
28.22475
31.22934
31.11624
33.11479
31.82511
30.74651
27.81606
29.20123
28.43541
33.09169
32.29022
27.28718
34.47888
30.12455
28.24865
33.57763
25.94539
32.03211
32.08903
30.09826
32.92039
34.47186
29.98541
30.05547
34.76423
29.63533
30.22969
24.06352
30.76266
30.59619
27.53913
31.693
32.42098
33.23457
30.33291
28.07342
33.28043
29.32559
33.0769
29.90504
30.68733
31.50036
29.29638
34.76978
35.10999
29.91699
31.55613
30.98166
30.88819
25.35525
29.61332
24.60377
23.99357
31.76864
31.18452
32.9543
32.75154
31.87439
27.41568
34.46928
34.69886
25.98359
30.99316
27.97613
31.56851
34.28335
32.32618
31.64637
26.64508
33.3525
32.41559
32.22023
30.91431
30.6903
33.62028
27.07739
33.75649
32.7653
24.65595
32.52855
27.02046
26.31249
27.87098
30.18581
32.41546
32.73137
32.31124
33.50451
33.86143
26.74022
29.72353
28.46667
34.36785
28.46984
23.20588
33.01943
28.72142
30.62602
32.36053
28.51307
31.35291
29.25405
26.94139
35.94359
35.20439
29.35311
34.80384
33.82527
32.0552
29.4182
27.06598
27.12622
30.32707
31.72415
33.90896
28.96277
34.17702
29.9677
34.2156
30.31822
32.45305
23.9924
25.61592
32.58616
30.09572
29.47303
21.0163
29.69345
27.3835
30.60181
26.39443
32.98892
23.38548
29.34552
30.53035
33.05505
30.81452
29.91604
28.06186
31.58793
22.63968
24.76177
29.20184
28.59287
32.23542
33.90688
34.3523
25.03154
31.24584
32.20087
30.70348
23.65639
31.5529
29.58342
35.23178
27.11229
27.45605
31.36472
32.09153
32.71279
30.50111
29.9012
30.59339
24.80067
31.50446
28.30829
31.88358
28.58631
30.2902
31.84816
32.83019
29.15773
30.39826
32.51921
30.6073
35.73798
29.26594
26.86816
26.90475
29.21445
25.68001
27.6579
32.07587
35.03103
28.655
35.75983
32.61855
31.45835
33.14274
28.19769
28.81582
31.1341
29.87928
29.28056
29.93054
26.4376
32.33646
33.98022
28.89445
27.04705
25.97959
28.97886
33.57852
33.35858
32.90205
24.95355
25.57098
27.15065
32.92677
29.34194
32.63902
30.95326
29.98033
30.66049
30.95693
32.51419
32.29362
32.03995
30.26041
30.11432
30.20681
28.76497
33.56811
29.30732
23.47519
22.59006
30.15194
30.48629
34.05056
29.13197
30.49745
32.36828
25.49874
27.11962
27.27182
29.18914
30.5812
26.35414
32.73862
25.43783
31.56991
33.49752
25.04277
30.85872
28.49837
31.57154
30.54035
23.7345
24.69029
25.38541
30.65248
26.82152
34.05406
29.48498
32.3603
25.65607
29.46445
31.79835
30.34626
27.45325
33.02368
28.61631
28.78898
35.32376
29.37027
33.6105
26.28023
24.5104
30.75364
29.43937
31.33918
29.85665
31.77779
30.32234
33.23385
32.03573
31.47052
34.35357
27.16318
31.90641
27.51325
26.69661
24.43599
36.0923
26.42055
29.44582
32.09245
32.33278
29.02245
29.41785
33.80018
25.1946
30.53727
29.56396
33.22023
32.03458
29.00465
31.16388
29.08409
32.12736
30.80466
24.62878
30.26005
31.41024
30.56805
28.06965
35.70661
31.56747
26.39546
28.92894
24.08374
28.52814
34.00158
24.48685
27.08077
30.10697
31.34084
33.34902
25.7321
34.61549
32.85019
29.42242
29.25556
30.87745
31.39474
31.4127
27.70064
29.02484
28.39251
32.87757
29.95733
33.57784
31.79604
33.84294
24.90927
32.59838
27.14989
33.98848
34.51528
32.27495
31.17388
32.59889
26.85777
31.83149
33.78805
28.56609
31.55093
32.84439
31.82392
27.65894
33.79607
25.43468
32.15112
35.58404
30.25951
29.80582
28.60026
24.28371
31.69306
34.1057
27.77642
28.39189
30.71679
30.45388
32.0804
23.95908
32.62443
33.30672
31.25925
27.51668
30.29423
31.69538
29.50868
30.19601
31.30957
34.84285
26.41468
24.55874
33.20545
31.93364
31.45584
30.79361
27.55881
29.7314
33.78356
26.07287
34.20773
31.91331
32.04982
29.1385
29.34029
30.17237
31.16394
27.99486
31.19867
30.73847
28.81504
33.0583
28.00687
32.10717
33.22647
31.31094
31.72905
31.51286
30.21374
32.27851
29.04399
34.68756
28.47476
29.65142
28.38135
30.12412
33.25805
30.73567
25.48156
33.69434
26.96215
30.89495
32.89079
31.11311
24.69119
31.45931
25.09229
25.61244
32.75211
33.30973
33.75065
30.52402
34.38294
33.38747
24.15678
28.85624
29.06519
35.45962
29.91736
30.72498
31.89058
28.87045
31.1928
30.19449
34.73626
32.19903
30.64562
31.85278
29.87527
32.1151
32.75096
31.37281
28.12849
30.16196
33.97166
24.92655
30.96365
32.72713
27.7974
29.50725
35.36342
32.68776
34.49048
26.37206
30.69444
32.42824
24.0573
34.91057
28.59139
29.96211
28.99931
27.63963
30.0755
26.36808
33.86621
29.35904
34.91307
34.23499
31.5564
32.19817
30.22137
31.89412
31.83635
33.46371
30.92327
31.71648
35.37165
23.28906
23.62903
32.43829
28.39731
29.46413
29.62378
29.86608
29.3395
31.30298
26.82604
31.7699
30.20147
27.88231
29.57215
26.57984
34.53245
33.25129
28.29049
33.78614
27.82325
25.58394
33.39953
32.08892
30.47108
32.21762
33.23895
27.80527
29.33637
31.26291
32.10417
30.31275
23.40829
25.27499
30.73148
31.05228
31.51983
28.922
30.09537
32.10102
25.46732
27.11531
27.78113
31.85259
32.78461
25.25815
26.73013
32.65186
32.08228
27.30398
30.27633
32.3885
31.0215
31.54521
23.52155
31.48989
31.38184
33.95757
34.09845
24.64974
27.12685
28.50829
30.14479
31.80075
31.64898
33.00019
29.31422
28.49107
27.33631
34.77316
28.42537
33.1535
30.12549
29.94467
31.49584
23.78299
33.25658
31.27361
30.07398
29.26811
32.7559
28.34161
30.69579
27.8876
31.35976
28.33879
30.86494
29.80744
33.47578
27.34748
30.20118
31.5315
24.86119
23.36399
26.3769
30.23713
32.42115
32.11702
31.77261
25.93066
28.75053
32.94845
32.19703
32.31544
33.26992
30.42884
23.80039
32.2211
32.28218
36.75273
29.80441
28.51354
27.39151
25.3897
35.39933
33.13345
30.42668
29.33581
33.13534
35.10258
30.30816
35.69797
25.09812
31.38264
29.18288
31.05404
27.54753
31.52292
28.72888
32.9772
32.48509
26.51104
34.08414
33.77971
29.86955
24.40156
26.44178
30.8408
31.05716
33.63942
28.97131
32.06839
34.22613
32.40943
33.1762
30.69103
30.15901
32.2237
33.48385
34.55466
26.21128
29.30332
35.06679
28.62545
32.51027
31.90206
33.33676
32.59393
29.77
32.62927
29.41756
32.05309
35.07015
30.86542
34.93528
31.89959
30.6515
30.86012
32.75673
34.37811
26.65229
26.07492
33.22484
32.25902
32.90937
32.30432
31.55033
31.67969
30.10257
34.78629
32.76841
31.31607
28.77336
34.74837
26.34207
27.68212
29.96569
26.88515
24.77238
33.07184
29.82086
32.04381
33.26274
33.49952
33.08989
29.65918
28.00772
34.68797
30.25575
30.57494
29.65465
34.59144
32.95792
26.3293
29.52589
29.98127
29.58224
30.15214
35.71307
29.73359
29.13615
36.05331
27.9343
29.69833
28.10385
34.00765
25.10691
23.45475
28.84879
33.02786
35.59076
28.88315
30.54397
32.38503
28.77763
29.69867
32.5803
29.35083
30.05186
31.78438
29.80249
33.84357
33.01708
30.90907
29.33911
33.12853
25.64767
31.95595
32.24255
35.22205
27.01114
23.94567
31.95147
26.07499
28.21429
28.49033
30.8448
27.31435
27.45431
31.1367
28.27973
33.33693
31.54672
35.4116
31.25282
29.19667
29.05898
30.80042
31.94955
29.70612
29.11133
23.45425
28.87632
27.69501
31.51764
34.0771
28.41588
26.06019
31.27359
34.26612
27.34524
30.64921
27.63921
32.53203
24.19512
29.02261
27.74889
34.45872
28.94823
28.46475
30.6862
29.64395
34.47612
30.82384
33.8388
30.52254
27.20418
31.80283
25.45064
34.28245
29.25735
32.12402
30.1794
26.92107
25.80478
30.25879
29.15711
29.53392
34.20438
30.64162
29.81355
27.30315
32.85586
31.49571
26.12
33.40885
26.75898
31.01442
30.75396
34.00386
29.17066
32.00735
34.93196
31.73528
29.41287
33.82133
25.84118
29.33502
29.23341
32.05937
27.30705
32.36198
28.77654
29.32282
32.4945
28.97084
28.82757
32.25359
30.95115
27.46479
30.69457
34.11271
29.27534
30.82366
23.98289
30.8327
28.38122
33.5123
27.15429
33.94341
27.26
32.50296
28.51075
28.09668
34.15856
25.11275
34.43734
26.45972
26.03379
28.31011
33.49191
31.55028
33.45719
29.76459
31.87279
30.10033
26.06123
34.62517
25.26293
27.2888
33.88329
30.60545
24.54117
33.08924
33.01328
27.2103
32.23276
32.77891
24.9012
28.81458
27.26104
28.33258
35.82004
31.65505
27.90112
30.93573
29.31574
26.56922
31.06802
32.4242
31.60055
29.54387
32.65096
24.56876
25.93097
32.38783
30.2237
30.66479
25.82405
27.98896
20.50956
30.87349
29.91544
30.11985
29.34521
32.66346
32.66906
26.83033
27.64938
30.32396
35.13864
29.08219
31.92716
31.87929
32.84654
27.471
33.91127
24.61791
32.39463
29.28425
28.36952
34.46782
29.79663
26.49745
32.01578
28.44568
32.24492
30.58079
32.93642
33.3169
30.0825
29.64841
33.82168
32.60012
30.84109
28.41809
32.87552
32.43536
32.92299
29.37253
26.78892
34.25064
36.2478
30.55836
26.44062
29.55815
29.14566
32.12067
30.05648
25.70628
31.12518
30.58428
29.31703
26.36094
33.1721
26.78759
27.08857
26.47675
30.12307
30.9221
27.65073
30.1964
32.84874
30.53208
32.89013
28.07121
31.05371
31.84119
29.70601
30.31716
30.29252
31.49428
30.22977
25.40906
29.47451
29.26536
29.86981
35.03622
30.87575
26.73563
31.55261
29.98488
28.23115
33.98049
30.04761
28.73587
24.13162
28.45366
30.13093
27.62942
29.94024
30.60479
28.65794
33.03522
28.9306
33.1602
30.95518
30.03895
30.31595
28.88874
30.11577
32.92439
27.61944
31.37061
31.75655
32.09376
30.3164
32.41251
27.52092
26.75287
29.60425
25.44403
33.85085
30.66897
32.55129
25.37223
30.1787
28.72538
31.3988
31.97789
30.76331
31.94005
26.81884
25.5142
24.65014
33.99035
32.83891
25.33294
26.94202
33.92139
31.73551
29.54605
31.91529
35.39821
29.83744
30.9607
30.00772
31.28704
33.10747
27.80636
32.51057
33.42224
32.43016
31.97974
32.4153
30.37763
29.95829
30.38057
31.74717
32.55092
30.98026
28.18854
32.53889
30.29826
27.443
31.50815
30.27464
27.88684
22.39928
27.17471
30.39818
33.46483
33.22902
26.01233
31.7314
31.66494
32.0905
32.99817
28.32376
30.1006
34.61201
32.14543
29.85892
29.49671
30.99195
27.2065
32.23188
32.27611
34.76404
32.05915
31.53733
27.02327
31.10876
25.35634
29.58095
35.17364
24.29616
31.09126
24.83311
30.11895
32.51887
29.80773
32.88705
31.46501
27.33825
34.46346
32.09599
30.64553
30.80724
33.52305
28.24914
31.49422
32.13185
31.58606
30.40339
30.19515
30.55247
34.89136
31.84573
29.55858
31.89626
30.37316
32.53363
31.09044
30.96444
33.61292
30.70344
33.35362
33.26987
29.54095
28.8344
28.1612
31.72844
26.54341
25.29092
31.40372
31.60218
25.7792
35.30624
33.61409
30.29913
26.02681
28.61446
26.6938
31.33397
31.39895
31.86916
33.75193
28.54004
30.20303
34.8358
33.66532
28.75625
29.91492
29.53177
27.53897
29.20478
32.04452
34.0064
33.49326
30.89006
33.8377
33.64555
32.77759
36.00767
23.62306
31.19659
26.48897
25.95066
31.34522
31.79391
32.64393
26.77609
31.07687
28.40885
31.93523
27.69536
30.60865
33.76687
30.96236
29.92796
29.71363
29.78708
28.43842
31.72451
31.75432
26.94147
28.14989
30.56396
22.83844
33.72835
27.16757
33.44541
29.20214
28.41754
29.35749
30.83638
23.86302
25.7761
35.84111
29.75096
34.70922
32.58208
29.39802
31.52652
34.68568
31.30529
29.04727
32.07818
29.28122
30.55951
33.53521
29.49251
32.32358
28.21326
33.61244
29.64263
28.91323
28.83729
28.66256
33.44377
34.9589
31.97676
25.8585
31.95218
31.47038
32.69767
26.76997
34.95005
23.80566
32.65403
28.54253
31.0535
30.51668
30.30048
29.69813
24.81684
31.2326
31.0874
31.50411
29.38755
30.34233
30.62508
33.74857
35.05262
24.22977
31.88888
34.49199
34.29383
28.50862
31.19101
33.30683
31.39201
29.78566
28.41174
33.40353
34.65484
30.39477
25.86966
29.8213
32.86294
28.75756
31.01593
32.23002
25.34788
28.95543
34.29299
31.58831
32.87832
29.80123
35.23653
26.03938
25.85386
30.87527
30.8379
29.42021
28.47143
30.68164
34.71166
29.91486
26.98968
24.14242
33.46144
26.68487
31.36097
32.38286
31.9351
24.02112
30.97574
32.66823
31.42481
33.74618
32.29017
29.7159
26.88083
25.83191
28.99962
25.98205
29.47673
32.51497
30.04117
32.42793
34.95516
28.07401
30.05012
32.65934
27.00384
30.18928
29.27928
26.45867
31.88429
30.01882
26.82423
27.74919
33.23235
26.51835
30.44597
33.94686
32.50246
32.09727
34.40794
32.54511
31.94343
29.68653
32.20289
31.36276
33.74504
27.61208
28.19418
30.83358
30.8639
27.79775
35.25074
27.30462
28.81353
32.57859
34.11611
29.73342
30.60574
29.0736
24.21977
21.20941
28.44881
28.84688
26.33109
25.67901
34.35149
30.28877
29.89212
34.15309
26.3091
33.88778
34.80239
28.89781
31.26899
30.16376
32.14205
35.82954
33.84038
33.82825
28.89536
29.35821
28.17802
27.37126
30.21051
24.07152
28.35078
31.19462
32.68442
31.63886
24.48224
31.98909
33.46498
31.60234
29.92718
32.08543
27.80902
31.5225
26.79519
27.18712
26.70006
34.7277
34.44673
34.81353
33.44938
29.98168
31.17552
33.02782
29.28209
32.07889
32.65533
29.01088
27.88612
28.84187
31.37315
31.09292
32.39295
26.95813
26.70867
27.6889
32.16669
23.44857
29.55166
31.81487
34.80447
29.50011
34.93655
33.50612
32.04728
32.62292
30.18874
26.32178
32.95214
29.05772
32.35886
28.32698
24.92706
33.36538
28.02313
26.23365
28.4494
33.38398
29.53853
28.52115
34.79253
30.62651
22.97735
31.86695
32.56446
30.65614
25.35807
33.51571
30.37583
33.03554
31.50753
32.41258
33.18589
31.20939
23.19991
31.79024
27.77578
31.69739
31.74205
30.28669
31.95308
34.62243
22.88581
31.7943
32.04172
27.85157
24.31097
30.80044
33.70284
32.83262
24.68602
30.38382
28.9862
31.65013
30.77922
30.4823
26.63617
27.60699
29.83564
31.80424
31.35075
33.59824
34.67073
34.33135
30.86782
26.88196
27.29914
27.83469
28.41749
29.95094
27.21925
26.43081
31.5799
32.15388
32.90632
30.35109
31.29866
34.27476
34.96058
33.0398
29.08213
23.81422
25.63578
28.75128
28.27601
35.11572
31.65817
28.37308
28.80612
27.46071
32.23604
28.40485
26.29524
29.45774
25.71514
30.27656
29.40912
25.70658
30.35263
30.8194
30.34477
29.61754
31.47843
27.85765
26.77963
29.55809
30.40374
35.41905
31.36106
28.47319
32.49056
29.0262
30.57619
31.30365
30.26581
31.04986
33.68899
25.03631
27.74751
30.74429
32.61151
27.50922
31.84512
34.70695
24.06701
27.91296
31.39285
31.73994
32.74997
25.76311
20.11702
30.69746
32.69296
34.97561
32.72699
34.3591
30.28056
30.2789
29.35532
31.4625
24.5822
26.89717
33.87767
34.55447
28.3256
29.04826
32.40671
31.46411
31.47835
29.10977
28.67374
30.1533
23.8026
27.55104
24.34353
27.37369
35.60752
32.86877
29.91556
30.81638
32.02148
32.38312
30.11508
27.72217
26.38148
32.66368
30.6015
30.22158
32.84955
30.70455
28.12543
31.10214
30.41916
27.33894
30.26579
31.15305
28.04335
31.13442
30.02209
30.91366
30.20798
29.84536
27.33471
33.41247
30.26507
26.08463
34.21226
33.05983
31.42916
27.46331
30.43371
33.10109
32.88917
32.21483
33.43763
27.28464
31.6768
34.83375
33.62133
34.50116
35.13879
31.88423
31.20627
26.55176
31.53038
35.00884
30.61159
26.84066
27.78373
33.44517
26.74214
30.98366
31.90783
33.53425
32.29488
32.68095
32.96079
30.0949
33.85696
32.89856
31.2195
32.45936
32.2627
28.76116
28.36062
31.71056
27.32304
32.32515
29.83139
29.25892
32.10411
26.25704
30.47098
34.81641
25.69495
26.09499
25.81793
29.44632
29.78673
28.992
28.16286
25.9966
30.65735
28.03986
33.34329
30.35471
30.58263
29.23201
33.36845
31.29705
29.29718
31.33602
30.53118
30.12448
26.95731
34.73333
35.60472
28.25425
30.24366
28.48847
29.94332
31.69127
33.47082
28.84635
35.34385
26.25808
31.1269
31.85298
29.70579
31.09814
29.46103
28.99185
29.51317
30.18336
29.77218
31.05651
29.94327
25.81703
30.794
32.51367
34.19768
28.15843
31.83098
28.94721
34.19187
28.74283
23.94953
29.97649
30.60113
30.01597
33.94561
29.79318
29.13779
31.17022
29.40428
27.79093
28.52817
22.44898
25.11068
32.19218
30.63114
29.30079
26.4402
30.29556
34.77231
34.05899
33.72387
29.88856
31.52502
30.24723
28.32844
27.75895
28.7122
32.7976
34.01138
33.79795
32.65234
29.91609
26.81673
32.2655
28.47771
33.76854
35.67613
30.47695
30.07728
26.42589
28.55717
33.48474
29.99089
29.00695
34.25692
32.15129
33.67115
28.35555
27.63759
29.22095
27.77311
31.30725
28.35725
30.12002
26.43584
30.6859
32.94402
30.44517
31.53687
28.52949
26.8296
30.20544
32.75558
31.96873
31.20866
32.77002
29.17349
26.27699
31.67919
31.23588
30.35327
32.25734
30.0731
32.99325
32.88874
28.91383
30.3858
26.88598
32.17702
29.47978
32.69156
30.1709
31.07084
31.37728
29.05956
31.46204
27.48895
33.3765
30.5283
32.39149
28.52781
30.70718
24.69882
28.62861
33.52581
23.87538
31.67342
33.88494
30.47588
29.0187
30.62968
26.81839
29.59887
24.72161
33.80292
28.90175
29.9611
30.40127
27.97898
33.96362
31.77504
25.62808
30.48641
27.75635
32.98408
28.79209
27.54254
30.95432
30.14024
31.91545
33.64858
30.0557
26.97293
33.33354
31.9148
32.63687
30.85603
33.35268
30.04739
31.57198
24.60249
32.23669
26.45005
29.08908
35.06286
25.5622
26.6202
31.3172
30.84712
28.17822
24.55357
28.90199
28.97769
32.33286
29.86666
31.55684
30.11216
28.9324
33.33935
28.64921
28.10304
30.49239
29.91204
32.57656
30.80036
27.81522
29.4904
32.38794
35.14174
34.15184
33.34349
29.6308
27.41681
30.20166
34.82907
28.53483
33.25667
32.05491
30.12258
33.72871
29.44796
26.79005
30.04899
32.33322
33.89803
31.22172
33.68284
32.337
30.76714
32.13542
31.30345
31.30765
33.47769
30.63857
33.15621
31.75581
32.88544
29.69227
27.60331
30.44965
30.48348
30.72248
34.83833
31.98437
29.42303
30.56512
27.15206
27.78921
31.65209
31.41012
33.02328
30.6621
28.31462
27.40728
34.0248
29.79017
30.85041
31.84563
31.64776
30.43989
33.15413
32.95119
32.1113
28.29129
31.66964
27.90812
31.51171
29.46263
30.37055
33.5804
26.10029
31.2079
31.57723
31.05071
27.84286
31.98025
19.91531
29.3047
29.55256
32.51435
34.82201
29.54673
33.01908
32.06441
30.63575
31.88154
32.72424
27.64013
25.32844
31.68152
31.7357
24.30658
29.80373
27.14709
32.30723
32.10021
31.44655
29.11947
30.12916
25.69258
24.4393
33.74527
31.52674
29.18345
33.44342
31.49979
31.35114
32.78149
32.24473
32.15184
33.99165
31.64005
34.14732
29.41065
35.42025
32.48878
33.07794
29.88631
34.80976
28.13555
30.97486
27.40931
29.06897
33.71406
27.98551
29.72488
26.65359
31.15489
26.9668
27.25292
31.71896
34.37085
32.08064
29.84629
28.73658
30.45284
28.79226
31.56659
32.14629
30.23598
35.2892
24.38156
32.17752
29.95315
29.13762
26.76222
29.91905
29.76653
29.86418
32.37089
33.77195
33.55839
28.5827
28.75672
29.67463
31.0908
31.68967
33.55196
25.21116
33.79833
32.65667
28.15362
28.96953
28.64382
26.3026
32.02343
26.34307
31.25003
33.49908
31.08075
32.53047
28.84155
30.09808
34.00058
30.42708
30.75861
29.07139
26.09503
29.72327
28.587
30.51924
31.86686
35.61211
29.72708
32.46769
35.78704
29.33553
30.69784
26.28577
31.37936
34.4008
23.20222
23.59035
31.88149
31.24679
29.86171
33.44361
32.2992
29.01263
34.18671
26.33007
32.37466
31.21137
26.96383
28.79028
27.42527
29.36996
32.52718
31.3015
29.82484
31.3493
30.55919
31.78607
30.86624
31.7211
30.81138
30.01984
30.92689
33.47774
31.88585
24.29136
25.6438
32.17111
23.86806
26.60157
30.248
28.28962
31.78763
29.13743
33.2956
29.79116
30.29078
28.50468
36.10572
30.14415
33.45043
30.26081
28.87809
30.00457
30.45766
32.54206
27.36257
29.93431
29.53823
30.62067
31.76729
32.38664
31.26337
29.65557
30.35079
32.65251
31.11196
28.96596
34.89926
31.94602
27.25591
34.85646
32.97098
26.02676
33.94251
25.59461
33.05309
30.70682
29.71346
30.14661
30.49871
33.57785
32.08628
25.02772
34.94933
29.62001
32.86485
32.2121
23.04822
28.86318
26.61555
28.32507
29.79391
30.48648
27.57559
30.61367
28.64323
34.4897
33.85761
33.53782
31.41991
31.13022
34.60865
26.85276
32.52207
35.67984
34.68602
30.5783
31.52568
34.74039
28.15017
33.80583
25.07776
32.9088
31.00533
29.04392
33.41186
35.20101
33.77371
26.53315
31.09099
31.07976
33.16567
29.00469
29.47225
30.26097
29.40765
25.94784
31.85542
29.13896
35.17391
31.55569
29.07289
25.50038
26.61946
31.18447
29.74516
27.87848
34.88817
30.16249
31.93328
30.46737
29.87912
32.43894
34.95716
27.52875
34.96914
34.86571
29.86346
30.07557
33.15375
30.53675
27.35001
35.44111
32.3843
31.77693
29.93961
33.61486
26.00824
35.01679
35.52513
33.12286
24.3759
31.56252
33.67012
27.46115
31.98872
31.01674
28.07409
32.95514
28.44076
32.92253
34.54117
27.89608
33.73521
32.70474
25.95901
30.75552
28.19237
30.15528
33.41169
29.7143
27.96823
34.22797
31.75238
30.71318
29.35147
33.22494
32.80403
31.50223
32.28469
33.65836
27.68156
33.77577
33.69539
31.54103
31.27924
33.18555
29.91299
29.82788
32.71945
31.53877
29.90745
29.75393
33.74712
34.12663
32.08693
28.20669
28.03609
28.43926
34.47797
32.76327
30.59353
30.60748
32.55643
29.62986
27.30106
26.9601
28.58421
28.99049
26.42926
28.73597
31.47845
33.82902
23.84377
25.75214
27.69416
31.11568
27.13014
32.01002
31.67678
30.22572
29.5602
35.15709
27.54462
27.80623
33.02131
25.71706
26.00276
33.22817
34.63424
31.52125
33.23259
26.58712
28.43794
30.8187
23.7823
27.63631
31.16775
30.35208
31.94032
30.44889
35.69406
26.19245
29.98848
31.95575
32.32691
35.07004
33.72366
30.10755
34.76771
26.56073
27.97391
33.88463
26.78027
33.85821
25.63647
32.44338
25.11328
31.15489
28.42973
32.35849
25.14672
33.41968
25.09875
28.62574
35.74434
24.25406
29.10192
32.70052
29.47251
29.13166
28.75861
27.99269
31.41634
30.91766
28.61452
31.55289
20.35179
23.45177
29.37056
31.51436
24.22577
28.13279
33.9176
30.16001
29.14632
29.74039
29.44906
27.04023
31.27482
26.51726
31.43589
30.56967
28.56418
30.98158
29.57116
28.61822
31.05815
34.93787
32.80199
32.79957
30.00151
29.23969
25.25669
33.37508
28.48054
32.45047
30.41516
25.97932
32.76869
29.26229
30.56467
31.38039
32.9632
29.3486
32.42759
30.05957
32.76773
30.25204
27.61878
33.19328
34.08712
30.03947
31.91566
29.29972
30.49347
29.02516
32.72089
28.45973
34.42238
24.2685
28.84415
32.91709
29.27207
30.23963
25.43979
34.31874
34.49582
31.23105
29.06671
23.95857
26.91576
30.81459
33.31253
33.21254
32.30097
27.66923
25.49239
31.5482
27.88184
33.64057
32.47207
30.58741
28.8742
34.06036
32.33903
33.51127
31.58667
29.15097
30.97462
34.92773
31.71805
32.5337
29.72179
31.26627
30.39741
30.1307
27.96417
28.0202
26.0142
32.93436
26.19119
35.24501
32.0908
30.88898
30.31916
27.6247
30.26273
35.44528
27.83597
30.77353
28.36883
27.31922
29.67555
29.71935
30.44999
33.55356
26.77148
31.70268
24.78982
32.44308
27.55902
33.18807
30.58051
27.70172
31.95678
25.97697
30.78435
29.43458
26.28485
32.33607
31.56006
28.47247
27.60339
31.74952
30.6807
25.20715
29.68331
31.81669
33.60742
30.78655
30.7159
25.83605
30.03882
28.7399
31.5555
28.36644
34.78669
28.23261
31.70837
33.84111
31.1448
26.83109
24.85762
25.1498
27.62795
29.27265
30.48302
23.99728
26.77347
34.48073
23.75588
30.70841
30.30159
28.4738
30.38369
30.192
26.34143
34.32139
30.83179
26.36253
33.69344
27.95411
29.37354
32.88359
34.08922
28.65257
31.30643
32.22673
27.5832
29.67345
33.303
29.28111
28.87681
27.0864
32.17739
33.89949
24.35205
30.52823
27.10301
22.87835
34.49832
30.60416
31.54848
29.82384
30.56975
27.31999
27.7557
31.4106
33.95949
29.13325
35.24522
32.45174
28.77292
35.33995
33.68533
28.6796
31.69767
30.60564
24.15682
32.10002
23.86236
32.92152
27.81646
30.02808
29.58472
28.59252
31.12521
31.64097
30.54313
29.20153
30.45747
31.8889
29.7622
29.92067
29.50342
27.55427
30.32772
28.5743
31.80977
29.4486
32.32426
32.14095
32.94174
29.41874
28.81948
30.83384
33.19307
31.33376
30.55143
33.62715
29.50733
28.81157
30.8759
27.13324
33.54128
27.28461
30.49089
31.20317
32.10625
27.16021
31.52593
29.13243
27.374
28.50294
29.63429
30.85747
31.8193
26.22808
28.98926
29.78271
21.00352
28.18143
34.39765
30.03672
31.54887
29.30419
28.19414
32.15453
32.71404
31.17311
30.51572
32.37449
28.06702
31.08338
26.27002
31.36357
24.62312
33.5769
28.48829
27.33746
31.6049
26.92215
28.04446
35.40556
33.46358
28.91195
31.43196
33.39188
27.90374
29.80145
31.66041
31.17326
27.64592
26.52914
29.31563
32.711
33.94273
32.74704
28.06157
25.73108
24.39978
26.9053
28.96216
30.07713
29.14518
30.30496
30.53303
27.06504
29.26556
31.1823
28.51236
29.27973
26.20845
33.00465
33.61135
32.08366
25.12873
28.33052
33.01056
32.86728
35.71676
26.88649
25.74805
33.88641
29.77936
25.72367
31.05194
32.74765
28.3711
33.03462
31.3852
28.47957
34.69655
25.96715
29.34078
27.91583
35.25696
29.02816
32.00141
33.2797
33.87785
29.58632
33.90337
33.39969
29.69933
30.01509
31.51977
28.02208
33.30309
32.06452
27.45404
30.9737
34.06051
27.06314
29.86844
28.52768
33.31278
33.68894
32.06811
29.959
30.83171
31.84867
33.87307
28.13972
28.52478
27.93188
25.6492
25.7221
28.37167
26.49438
35.17336
27.50691
27.39928
25.83515
35.25706
26.36753
28.30055
29.67726
34.53835
24.40206
27.16851
33.32196
31.38453
30.95636
33.24126
29.28215
24.52367
25.62161
31.89613
35.19523
27.26645
29.34939
25.65162
33.8587
33.85017
29.56033
36.12976
32.05519
28.63681
27.80956
31.16534
31.53841
34.37316
29.05042
27.78304
31.21267
32.76844
28.44734
31.00932
32.90197
23.2153
26.89837
32.38194
29.20053
29.4484
28.48931
31.33717
30.10473
26.46921
30.09206
25.88277
29.86208
25.88646
31.3676
30.01661
29.96479
30.35059
30.56141
29.42041
30.89326
28.93672
29.73572
34.21764
29.1687
34.29735
27.19876
31.31516
31.99714
34.5296
32.16139
34.25097
28.34443
25.41288
32.4099
32.29543
30.91514
29.94351
30.85249
32.74047
30.82405
33.30552
29.35099
26.32029
29.0237
32.12708
31.45286
33.66918
27.08519
35.50546
30.37661
28.46493
30.38921
34.31216
29.45556
32.5754
33.64636
34.61506
33.83801
27.6486
35.48417
29.59531
29.95761
30.37771
27.22928
28.63954
30.34942
35.2499
31.02067
29.39902
31.13434
29.77616
32.58781
31.54595
27.75862
29.0285
26.04848
33.57474
33.32925
32.99553
34.71183
32.46716
34.10975
28.45408
27.68035
27.51983
29.38906
31.25168
30.46892
30.00943
31.85811
29.30497
27.51577
32.1875
29.41048
33.76621
32.49329
34.12825
34.58702
27.68435
33.74115
32.80801
30.85698
24.93868
29.79151
25.37694
29.7138
29.87513
31.59725
32.65841
27.9288
34.75906
32.47081
32.9879
29.4214
30.85036
28.4664
32.62044
32.62781
23.40174
30.54232
30.74216
26.859
27.65205
31.67951
26.62165
26.51147
30.53678
25.39804
23.77489
29.96473
31.3916
27.84469
23.82981
29.68589
32.36974
28.90566
32.95565
35.44415
27.0337
29.11017
28.62421
26.83339
33.1756
28.78735
34.13443
24.1685
28.68032
31.99122
24.59445
29.5883
32.95798
26.44508
31.93048
26.86577
24.82569
34.97933
35.42505
27.15801
23.21693
29.58457
32.81117
28.87104
29.73478
32.3709
25.85853
28.71104
34.22539
31.94137
31.14159
33.83944
32.04251
27.67716
28.7804
29.02533
30.7267
31.40301
23.89059
25.52444
24.48462
28.73507
29.61251
24.6571
33.37087
25.68077
33.77141
29.35982
31.94399
28.62066
31.06008
31.55159
29.86976
29.72342
33.40968
31.81456
32.12677
30.92353
35.33722
33.22249
32.07404
32.52895
31.28182
29.8477
30.6011
31.99555
27.73164
27.77126
24.46221
30.80805
31.24046
33.71455
32.08173
34.49485
27.61782
31.67737
31.84421
27.60333
29.69953
28.16006
31.16488
30.8999
28.39819
27.83149
31.64687
32.75015
25.58005
26.60967
33.53733
32.01384
28.79489
31.22632
25.95406
28.79066
28.66351
32.60723
29.09994
32.69793
28.88055
33.34066
32.83432
32.12009
31.56224
28.75958
32.92607
34.30932
30.65523
28.97507
31.85751
29.84108
30.01048
34.29612
25.8798
31.23021
31.94007
32.20509
25.27218
27.77529
28.80658
27.03757
30.9511
30.05665
31.50078
35.43895
28.94974
29.59268
28.87783
33.19559
32.77412
24.76845
33.84278
30.43845
30.54779
28.23403
32.44037
32.80869
26.56084
27.38628
26.66031
30.41468
32.44721
33.88075
29.55276
27.29097
30.01899
31.95052
35.71417
28.3625
32.88284
30.24896
29.68723
32.45306
30.30099
29.26151
33.9295
24.85859
31.16569
24.89129
31.79764
29.83944
31.05729
30.79196
30.17038
30.1433
34.10288
29.01947
32.90818
32.29016
31.99553
31.63436
32.28977
32.9318
30.47149
33.67759
27.54664
30.85772
26.1094
28.40312
30.01011
36.01704
32.19696
27.35035
26.11164
32.07253
28.44056
31.76857
31.33725
29.25732
34.44279
28.37917
28.40623
28.24797
33.44241
22.71482
30.59135
34.1004
31.96748
34.19413
25.46008
32.80893
33.66784
29.93632
29.72206
29.0603
32.8436
34.8904
27.50822
29.28831
31.60522
28.86726
31.98605
27.84625
32.11034
28.22977
28.21668
24.07537
29.6947
23.91009
30.05894
32.97721
32.48339
27.17376
31.90583
31.35805
33.2088
31.2807
33.1152
29.51245
29.29653
25.32391
32.87861
32.66204
31.35833
29.25254
29.95068
31.94617
29.13441
31.59738
32.46601
27.4983
31.94915
32.94851
31.22715
30.17088
30.45058
24.40575
27.78536
33.11498
29.68841
25.0052
24.49835
31.01102
33.17675
30.30556
29.17326
28.33754
34.57181
34.17545
34.28329
28.01914
26.9705
32.62594
33.18309
26.54338
31.98353
31.48487
29.20255
32.52716
25.42824
28.91007
30.78409
28.63929
35.3001
29.45229
29.8003
31.83756
32.19194
29.57731
29.66252
27.81627
32.52806
29.88618
26.63318
33.35894
31.61337
32.8466
33.25677
29.03738
28.86515
29.54751
33.62086
35.71777
30.00143
34.30685
25.98473
23.28357
25.57614
29.44486
29.45331
27.23533
24.81851
31.00059
28.40123
29.93171
32.62446
29.51806
35.57125
33.12174
30.16553
28.89368
34.41018
31.88161
27.71935
32.07288
34.10585
32.43336
31.64406
29.72576
30.72585
29.92587
26.11339
31.87505
34.76537
33.77306
29.92896
30.73857
31.90579
31.38239
32.18216
33.75806
30.4794
30.39023
33.22088
24.53981
27.70279
30.86463
27.5535
31.95154
29.19395
32.1874
33.68101
25.8009
32.25349
31.35283
32.50388
34.91501
32.50802
34.5822
30.63244
27.22861
28.04538
27.36572
31.21711
34.28223
33.87892
28.20965
32.73045
33.62311
32.3544
34.63333
28.64418
31.71777
31.18174
30.47558
25.99879
26.90978
31.09099
32.76049
26.89054
30.20132
27.01728
26.92982
29.86583
32.64778
31.21343
30.23946
32.20013
29.91565
33.37719
24.79325
28.89799
25.88976
29.62157
31.52368
33.15828
32.15821
29.89933
24.35275
30.23355
29.05893
28.16822
24.7163
31.86218
30.23872
29.28009
25.53406
24.85739
30.83106
26.77971
32.74706
26.94591
27.22541
26.80456
30.27777
31.70052
30.79684
32.5583
27.70148
31.39861
30.84846
29.66215
33.08901
27.87237
24.98027
27.7605
32.92698
30.00344
33.51976
30.05015
29.02455
32.42036
27.54138
32.35901
30.44028
28.10971
32.18472
29.29667
25.37811
34.20258
30.41381
32.5001
27.66575
28.51757
31.74313
29.30039
25.30806
31.51541
24.30345
29.12169
28.46914
30.49061
31.10389
33.24115
26.99725
28.83678
30.98028
29.1714
25.76381
28.54659
32.37235
31.08893
29.50073
32.10679
34.87722
33.38821
33.0934
29.43496
31.99328
28.78258
33.09615
31.15545
29.53276
28.90501
29.26217
32.58105
28.88524
29.20888
30.19
35.7036
28.9857
32.89528
32.12096
34.06251
32.26227
29.21374
32.31316
32.10353
32.02076
33.61432
31.66797
27.08085
29.7113
32.98609
29.17697
32.39393
34.92522
26.73199
26.34195
33.58463
34.06947
24.62166
31.56075
31.80665
28.96423
30.13232
27.73446
31.09556
25.75546
27.39356
31.12666
25.64814
32.93258
35.46866
30.55672
33.59429
32.28543
27.15964
21.13732
28.85604
31.78696
28.85285
28.85892
30.03945
32.99539
33.4743
30.71913
32.82109
32.73449
28.6612
29.40403
30.43385
36.11807
29.37948
25.9534
33.94548
24.73817
29.59588
27.66982
33.55516
26.75775
30.36107
30.11148
28.56881
23.92284
30.08015
24.38348
32.00333
32.24412
28.94038
33.62835
31.87152
28.19066
32.87114
29.65743
29.42724
34.12007
33.03098
29.68443
29.72444
33.85944
27.11986
31.21034
32.38475
34.12531
32.41632
28.76209
33.8339
27.83277
34.885
29.48404
28.41147
30.0492
28.58688
34.86078
25.56696
32.19411
33.35639
32.8109
32.9864
28.13716
29.86501
34.65576
31.55972
31.746
33.25159
30.50216
34.78899
30.58374
32.01243
26.58728
29.34563
32.06531
29.73057
31.26974
24.60103
31.26788
30.62931
31.78977
27.63042
31.39136
29.49553
27.02239
29.70302
31.23757
34.07383
31.40033
29.50352
32.55876
24.09463
28.55374
30.48357
24.07497
26.90644
32.80092
30.40587
33.29765
32.71974
31.0598
32.35457
32.3931
31.195
34.7999
30.59265
27.03757
22.62744
27.05533
28.04234
30.82183
29.11362
32.42519
26.66629
31.15738
32.99924
29.68135
34.46579
28.24989
30.25464
31.63126
28.73123
27.12799
32.82256
27.43419
27.0086
29.87703
26.20981
33.14778
31.75997
31.09259
31.96637
31.98384
33.36667
31.30001
29.67486
28.53073
29.53118
32.14621
33.73836
25.89673
29.13596
30.01807
30.43204
36.55888
28.05585
30.26344
32.26543
30.30263
28.23208
33.33514
30.92951
27.94199
33.37269
35.23966
32.97989
30.69201
29.3423
30.34942
31.87565
34.01398
28.29794
27.96683
31.84966
30.93609
31.59197
29.97857
26.6952
31.48415
29.6398
32.09423
27.10425
29.51002
32.16815
32.43839
26.35587
29.978
25.23511
28.85236
30.22238
32.40107
27.63718
30.8495
30.29303
30.22419
32.64492
30.24937
30.27341
31.27826
30.46026
33.88879
26.76235
33.3811
30.28704
31.09202
28.24366
32.6592
31.98681
35.1046
31.30301
31.29617
20.46783
32.26516
31.33905
30.23144
30.80317
30.14493
28.90666
27.29399
32.76655
24.90936
29.50291
34.46512
32.0326
31.09518
29.70256
25.25858
32.30801
31.83556
31.19102
29.37726
32.58913
25.79215
27.11762
30.3378
28.99053
29.34043
32.24967
30.29721
27.55392
29.06511
32.80499
32.14624
27.52918
26.51228
32.83976
30.19413
30.76029
26.37347
28.61092
31.51656
29.5022
28.34252
33.6863
26.33948
29.17889
31.93632
28.71204
29.7808
31.99627
24.50593
33.83239
30.73327
30.00103
29.29268
29.21657
26.03683
28.51159
31.33766
27.02532
28.27649
33.93205
25.07426
30.80882
25.21769
32.4895
27.0657
29.02901
32.17132
24.32958
23.6701
31.26115
27.49366
30.48453
30.15896
29.99409
25.27219
29.38905
31.23152
33.23688
33.68063
32.56781
35.76524
34.10449
33.67476
32.55697
33.74385
28.1048
25.1686
31.66366
30.03752
30.61655
30.2533
30.47492
29.31065
32.04405
27.06854
30.34349
29.58232
28.82614
26.75527
30.05672
29.97838
30.06156
31.567
32.5073
35.46403
33.27403
29.29016
32.64871
34.67643
33.48593
28.616
30.99721
32.0438
28.84092
31.09596
29.39681
29.29158
29.60336
30.57638
33.98714
25.39142
27.32784
34.02318
28.87069
26.70058
34.44719
34.47794
32.85145
30.74098
33.80201
28.56796
29.0326
31.51975
34.46471
35.78772
35.88011
32.15333
30.49729
35.18841
29.07678
29.57052
31.10379
30.58123
32.39196
25.90264
25.65836
32.84248
24.00502
34.59111
29.6685
30.62088
31.89265
26.12527
26.04269
30.73961
33.66248
32.90425
34.72905
31.59682
30.46667
29.46677
34.33674
28.65769
31.09469
28.94289
29.05268
30.88355
29.2313
26.59193
24.71818
20.77867
31.05626
32.3286
32.84507
31.0904
31.37305
29.42811
30.88912
29.48322
33.65121
29.51896
31.56378
32.09897
27.64412
34.70738
30.96821
27.32121
26.73323
31.97805
30.60477
28.52672
32.83097
30.88297
30.69285
24.27875
23.28756
31.50272
25.63391
26.76476
30.43839
30.08077
23.54079
29.43803
31.80015
29.81366
34.24629
29.46294
27.84207
26.47156
33.65016
34.73727
31.62904
30.88537
28.93847
33.25735
32.89455
31.98888
28.20199
25.46969
30.117
28.69047
31.71658
34.04689
24.05373
32.41055
30.96707
30.34056
27.00986
32.45764
34.33981
27.31103
33.02804
28.45664
32.3444
28.86105
27.57512
30.59523
30.28307
29.91043
34.26535
31.10801
28.57072
33.17048
31.06765
27.50108
32.36673
29.65258
28.80814
33.82178
31.9455
25.84492
27.29099
31.42661
32.37136
27.84793
27.23752
29.2328
27.32113
28.84846
28.45745
32.19974
32.66081
30.83632
33.19581
33.17196
31.22003
30.91107
23.27872
32.1161
30.84285
31.82402
31.82136
28.3487
28.53305
28.89293
31.94146
30.50403
29.18976
32.89083
31.4822
29.70261
28.27248
27.94315
29.20112
32.84392
30.52596
33.18611
27.61982
29.59939
23.99705
26.0815
28.20745
32.50858
33.88393
33.49151
33.34692
27.53836
31.4879
35.16034
31.70875
34.01694
33.95513
29.30139
31.17351
25.13209
31.41086
28.92985
28.71468
30.19397
28.45049
29.53629
33.6235
33.089
35.53504
27.01225
31.37729
29.69453
30.20353
28.76023
32.05241
26.84939
34.46945
32.54404
32.54769
30.24735
29.3876
30.03487
30.63623
32.13677
23.60803
25.09007
30.5224
29.9261
24.78976
30.31171
35.12334
33.71184
28.08532
26.61975
30.88872
29.63946
32.99575
29.7874
31.90957
28.57873
32.62518
35.04415
32.6267
32.7784
27.73424
30.22862
23.70756
28.41822
32.25969
31.72904
25.91075
24.89129
27.88976
25.6745
28.35138
31.09414
25.4752
31.56125
27.54084
30.06829
29.8023
30.5739
28.47725
27.16219
32.26771
34.62021
32.75538
33.03784
32.52896
33.67357
34.23795
28.7154
28.46462
30.50647
29.20097
30.74299
30.60054
33.97668
33.94705
29.56668
30.03931
31.33529
30.48599
31.73537
31.24049
31.21677
27.65853
28.74554
32.84028
33.52984
31.00575
30.27653
28.03648
28.87718
33.99359
28.92946
31.52728
30.11764
28.95884
33.23901
29.7924
33.25064
34.85188
35.04855
32.77653
29.28661
35.09867
29.26308
34.48619
28.57282
29.3407
27.37058
31.87944
32.88054
33.8328
32.17014
27.07403
32.28301
33.78068
30.24705
32.82286
29.19101
35.5403
29.70769
33.35315
29.85616
32.34013
28.45379
29.9831
30.39051
29.66773
31.91452
24.66866
27.96231
27.88734
32.16043
27.8921
25.87724
28.48948
27.13935
33.40394
31.22743
28.72084
28.95605
34.03605
28.4091
32.1975
27.101
24.56596
29.16638
28.58128
26.39986
25.85575
33.53492
30.38613
24.73529
30.071
32.87534
32.91875
28.78876
24.60439
32.47448
29.90123
30.1053
29.08842
36.02546
27.35769
33.49293
20.76841
32.34118
25.06208
35.793
30.9491
33.62436
30.45677
33.9871
27.29139
33.24032
29.24901
26.86937
34.12426
31.84286
32.37734
32.96612
33.03324
27.76394
31.58526
29.34848
31.82249
33.55157
32.30224
29.95203
33.96429
26.3552
31.00287
29.93949
29.35835
28.20829
29.04683
31.73891
28.5444
29.09201
25.57606
32.00494
33.31021
25.86502
35.14179
28.73367
30.84599
28.82164
29.22138
29.19688
31.32766
34.7598
30.04521
32.93483
34.01212
27.70105
27.50145
26.84096
32.25289
31.27165
28.39581
31.82183
28.75528
31.64613
32.78685
33.19365
31.77893
24.5879
34.9301
25.6023
30.42476
20.31582
30.89724
32.02342
