21.1395
24.82232
20.6679
25.07991
16.75746
26.23038
22.92932
16.80028
26.12109
15.7569
23.01443
24.33612
22.28508
25.5834
22.80988
20.62968
21.66673
22.69181
22.95032
19.53876
20.81542
22.21266
25.29661
22.07799
22.58823
22.26043
25.80747
25.41871
23.50079
24.06293
24.36759
26.75583
19.19641
25.3591
24.79835
25.56473
23.59436
18.69327
23.0593
24.66132
23.66171
22.74873
22.61209
22.63985
26.02894
26.93889
17.56221
24.85518
21.19661
27.14725
19.54104
20.09999
22.52766
23.13831
24.73121
24.79369
25.91564
26.05468
21.7038
19.70774
19.91329
20.31021
21.4195
23.92188
24.17455
23.32165
20.41532
22.51899
22.55438
23.69682
21.28554
23.62633
21.17045
22.35419
20.72047
23.40826
23.54033
23.32896
25.95767
21.839
26.73657
24.439
22.34424
24.53122
26.70986
21.29598
23.64853
22.29104
22.68575
21.45116
19.90166
21.2108
25.5037
18.22443
23.66217
22.0843
20.55632
23.47159
21.1054
20.53215
23.35489
22.73122
24.08562
21.65092
22.99356
26.72157
23.16935
22.4627
19.6254
22.25697
19.98634
23.4758
25.58343
20.60254
24.37873
23.32007
23.84134
23.49109
24.61981
19.74771
24.8768
22.27325
22.35663
25.47213
20.5294
26.03891
24.71151
23.57199
19.26747
22.72233
24.55899
22.50276
19.58562
22.45109
23.92593
22.52083
27.38729
27.16185
21.8826
25.44102
24.06162
27.02397
24.22129
20.94359
19.21267
21.29302
23.75242
24.6289
18.96122
24.51311
25.70752
26.05308
20.667
21.33265
24.85671
22.91905
26.95305
21.34072
19.73915
23.15429
24.81787
24.36999
25.94366
24.40864
25.84305
27.02252
23.3016
21.07689
22.13417
22.95788
21.36099
24.19656
24.43522
23.17296
20.07806
21.75502
24.26021
25.45512
22.86832
25.54785
22.1438
20.2665
22.26639
24.19981
20.25973
23.25333
22.47049
22.22359
25.95293
24.41418
20.8091
23.49569
21.24621
23.17115
22.43929
25.23454
23.21375
23.48337
24.41187
21.84707
23.28293
23.66952
21.55494
20.02387
23.97068
22.07066
21.49657
19.27961
23.585
23.78837
21.79252
26.61772
23.44599
21.1682
21.75456
21.15602
24.61783
19.68725
23.60503
25.83609
24.10009
22.86835
19.03464
24.9903
22.94278
23.95484
21.30561
20.73628
22.01424
24.31586
24.52458
23.541
15.50096
24.09601
21.64472
23.58864
24.00844
22.69727
21.07574
24.38122
23.70622
25.89022
23.26989
26.15229
26.70142
24.5758
23.34332
23.83639
22.7645
19.18134
23.13725
21.88285
22.06034
25.65175
21.18156
27.39874
23.05209
19.89426
22.67192
22.92343
24.14301
26.83306
24.22214
23.24009
25.12277
24.55845
21.95355
24.66295
25.93582
24.38928
24.46336
27.36034
22.34203
23.21505
18.04981
23.5646
22.20552
25.943
21.0296
23.30749
21.48003
23.83823
20.95265
22.25453
23.57955
26.54612
18.88295
23.7524
19.30385
19.14911
22.44134
17.909
24.75353
22.01787
18.56892
23.63037
19.93827
22.63098
23.30518
20.53893
25.66547
22.70467
23.64658
23.43834
24.17219
21.34213
24.80715
22.84758
20.58866
23.56988
19.85076
20.78547
23.56454
22.13332
21.8036
18.67206
22.8197
21.68803
24.57082
22.80151
23.09645
25.59382
22.24515
24.38706
23.66052
24.45569
21.34371
23.83343
23.31375
27.22642
16.6799
22.21137
22.12335
21.285
23.20622
20.41248
23.25614
25.25695
23.51841
21.89795
24.6079
25.25098
19.88822
23.65593
25.26764
26.62683
26.92459
21.60451
25.68271
22.43681
21.23344
23.68949
27.01556
26.20671
24.88408
20.93475
23.18596
25.69925
21.19803
24.80607
21.78859
21.15638
26.7274
23.09391
22.07895
22.70288
23.67112
26.10479
23.48168
23.14134
19.36645
24.47098
20.15074
26.68375
23.30245
22.62107
23.55559
23.38011
23.47527
27.43702
18.69023
22.10935
20.84051
24.03344
25.87088
23.4251
20.16075
27.37659
20.97412
27.0547
22.65291
24.27744
23.37831
22.11594
20.59991
25.37507
19.38642
25.10492
20.83783
23.09495
21.49841
26.05137
26.86518
22.91735
21.87545
22.5561
23.00861
23.48087
26.31524
23.18638
25.10158
22.18993
21.63465
22.03058
23.56609
24.13965
20.29251
22.06294
22.0361
23.53306
25.62029
26.6372
20.68474
25.86826
26.00495
21.82777
19.8047
21.72156
27.64897
22.0188
23.82565
25.6343
15.96811
23.31269
26.47888
25.37002
21.47673
27.81268
24.71061
25.71775
25.12291
24.08194
23.00239
24.29629
21.8559
22.24125
27.4186
20.22282
24.16817
21.08932
26.61058
25.92288
26.72306
24.27675
23.83796
18.38741
25.00983
24.256
20.20105
23.66586
23.54521
17.24161
20.40156
26.29041
21.84106
23.71956
25.75988
22.87833
26.49734
22.56055
26.34071
26.886
22.95167
26.91172
24.0816
22.51691
23.37168
26.07881
16.12386
23.62193
20.15213
24.63307
22.65239
26.97691
24.78076
18.5255
22.5613
21.45707
19.54167
23.63695
21.62141
21.60915
20.603
26.69049
23.10017
24.74942
23.71888
23.27323
24.92951
21.78137
21.21745
20.40815
16.34223
24.36331
22.75923
21.24545
19.97043
26.00636
26.93111
19.05673
24.54617
26.21528
25.72401
18.38788
22.61445
26.39442
23.5091
24.59797
22.72309
22.84712
22.69667
25.06237
22.23737
22.53417
20.33913
23.78019
26.97962
21.97214
20.2848
22.67452
24.57168
25.86654
21.4179
23.15808
23.59075
21.19089
23.68475
21.61181
24.78352
24.81696
19.64349
22.86017
26.70975
22.77024
23.815
21.82987
22.44357
23.57419
26.21761
27.43611
22.57086
16.10543
21.33536
27.13862
23.32425
23.29176
26.5688
20.69218
24.93739
23.61595
23.21125
26.08639
23.89317
22.70299
23.92084
23.90595
18.13539
19.7163
21.05453
23.50673
26.95683
19.94763
25.01101
21.28099
24.34131
23.21271
20.52192
24.13088
22.09549
22.27001
21.68997
27.2875
23.02851
19.02963
22.48932
20.08266
17.69659
24.14819
24.69914
23.4279
23.44642
25.08219
22.15015
21.04657
26.69782
27.17914
16.91359
24.66966
26.69763
23.60894
26.33656
25.65031
23.9689
22.28093
16.85146
20.30811
26.52572
24.40644
25.3436
23.99562
18.85023
25.86678
22.97044
23.31072
24.64203
16.72273
23.07432
24.46604
23.72499
24.68626
22.38144
23.04103
24.02884
24.35433
24.38477
23.76606
23.60156
21.17142
24.56335
20.51532
24.9839
21.07969
22.20544
25.4583
19.6869
24.42764
21.03826
26.70435
21.62181
23.75629
19.6155
23.31505
22.53718
22.42619
19.96925
26.12221
19.82295
21.17739
22.63786
23.37632
25.69266
21.15117
21.83889
21.83681
21.85553
25.33122
22.7865
21.64627
23.26842
21.09589
18.44493
25.53433
22.83065
26.15193
19.48412
22.76812
22.34238
21.20015
22.91723
23.82596
25.08174
24.19983
23.21029
19.84102
21.02649
20.80953
23.77068
22.00871
21.4747
25.46892
23.54965
24.03114
24.41354
22.48931
22.53106
26.36509
22.34941
23.1212
19.60421
22.67962
23.53083
24.18254
27.7014
24.39435
24.09018
21.67384
21.76132
22.09974
22.61643
21.76827
23.9241
25.71948
19.84316
21.45566
21.12741
24.93699
22.81968
22.19437
24.48515
23.11871
22.71086
25.74221
24.36286
21.91196
26.52886
23.62279
21.31913
24.50489
19.26998
23.81953
23.44448
19.88225
24.16059
24.02522
25.72177
17.41302
24.96789
20.62605
21.16345
20.87119
22.59112
23.59961
26.77846
24.13059
24.79667
27.49064
24.41168
23.20413
20.20927
22.64064
18.58561
23.6194
21.605
22.74511
26.95613
21.77875
20.92395
23.74924
22.69835
23.62671
23.19347
21.92134
22.7536
21.26003
23.9552
25.52167
24.99144
17.67362
25.31428
26.05837
23.34761
19.29482
24.89114
23.11624
27.80502
19.47553
23.49854
24.86229
23.22006
21.51081
26.51122
20.88135
22.17074
21.68405
20.07091
24.19816
23.91134
21.75652
23.25263
24.69905
24.04342
18.79424
22.2599
26.10531
23.75358
26.86737
22.52064
23.81639
17.05393
23.61491
19.95991
20.27233
21.53192
20.69973
19.65782
23.21788
24.00262
23.09382
25.13325
22.44992
20.56358
22.79461
23.76307
25.3485
24.86005
22.19561
22.25713
22.06141
23.97497
24.22979
21.75414
20.08781
25.68866
25.71164
21.6428
22.67469
21.51054
23.96836
22.36649
24.57327
24.93155
22.68901
23.98058
23.59321
26.13589
23.79136
19.74973
24.29069
20.52673
20.74177
22.34595
20.14313
24.0479
23.27601
24.96352
26.72991
23.91084
22.31504
26.59601
21.81825
24.6548
26.92619
23.41179
24.29637
20.06234
21.91784
15.32081
24.14727
21.4716
23.65614
23.60031
24.67687
22.86603
21.87822
18.90419
21.04412
25.12941
21.74336
24.9553
27.36635
19.90292
18.89503
26.54661
20.24764
19.93308
18.84495
22.17699
19.26852
26.53631
21.89705
21.62429
22.50479
21.65551
21.30479
18.88512
24.26857
24.66412
21.18338
24.67717
22.39641
22.72535
20.81736
24.34029
20.51135
24.8925
25.05869
20.08496
25.76239
23.03081
22.71899
21.48025
23.77437
21.10605
23.08751
26.6529
25.29393
22.47593
26.89345
24.24744
18.228
24.11846
22.07516
23.73965
26.05213
27.46081
20.84287
24.69069
20.79198
22.43895
26.33692
23.60929
26.28397
26.80073
22.31345
23.43996
16.02282
26.9396
26.41873
23.90839
26.42777
26.27368
24.63781
23.01436
16.12595
19.00814
21.37443
20.16127
23.81734
20.20375
26.72607
20.108
21.81107
22.92919
25.57451
24.06096
26.58175
19.53445
23.16426
19.825
21.9823
18.17828
20.23521
25.74735
23.47245
19.58203
23.20476
21.27729
27.77453
21.12291
21.7748
22.76497
25.55002
24.83168
27.0818
19.88237
20.09506
19.35125
22.68369
23.72155
26.59618
25.25725
22.88856
23.0037
24.62595
19.79025
24.54296
24.97636
25.70952
20.78759
22.45792
20.59937
26.85596
20.95552
24.28777
20.18212
24.17461
19.56996
21.46139
23.99501
22.74336
23.14067
20.28756
20.76925
20.68009
25.02099
21.92634
23.89196
22.8559
21.22518
20.55138
24.71
23.67563
22.37445
25.68027
23.82989
24.40857
22.1749
24.44359
22.1126
24.21053
23.12284
22.64287
22.21252
19.7389
24.25426
19.93945
20.34047
23.66445
24.86799
25.94924
23.73057
20.96656
17.61348
22.10259
20.5885
23.99372
21.53363
21.22282
20.75586
23.86175
22.97834
20.3085
24.10528
21.37347
24.12131
24.00053
18.18196
20.90435
23.76856
22.08366
24.71185
21.86881
23.20473
20.5924
25.47346
24.56479
24.664
18.50307
22.13776
21.27329
21.67318
22.82536
20.66407
20.55877
25.28001
23.01198
23.61809
21.85753
22.46267
23.17159
23.13787
22.99635
23.94294
26.34852
23.52494
16.65481
22.92802
25.06686
26.5732
26.25853
23.47324
24.65229
22.14889
21.93836
23.46884
18.60623
22.68074
22.30366
21.9885
19.98506
21.71943
23.40415
23.15294
24.88121
22.9639
22.5288
24.72838
21.40822
22.29097
22.31193
24.42278
23.26794
24.35778
24.08822
20.53943
20.7248
15.54613
24.58021
19.30076
22.60334
20.77772
23.64436
25.61754
23.76162
22.86134
21.14506
23.46118
21.66353
24.33247
21.7699
23.50946
23.51703
24.10637
23.73336
20.10055
23.52261
26.54285
25.12706
23.17906
25.66642
25.72593
15.76529
22.66202
21.60093
24.87131
16.97191
22.37932
23.39837
23.54429
26.22651
19.52919
19.8257
23.30648
23.26131
18.43788
25.61299
26.81486
26.87407
25.14504
22.25717
21.78087
20.48515
24.92946
22.74468
23.31938
20.51376
22.68125
23.78586
24.52207
22.88347
20.34001
22.6385
20.87024
22.97898
21.07083
24.58833
22.61868
24.20226
27.15622
23.75981
23.86893
23.26824
22.58287
20.73841
21.88803
26.52863
16.66897
25.87877
21.32623
22.38524
23.62348
20.12687
19.1703
25.468
26.81524
19.6388
22.32206
22.37377
23.42735
22.19929
20.64703
24.25694
24.51277
21.416
22.61987
26.97704
18.71925
21.18661
26.16346
23.20811
22.33328
21.50368
23.94591
19.48903
25.67998
21.53122
21.74027
25.87774
22.41773
24.83113
24.10758
21.40177
24.21538
21.52751
25.52887
24.1219
20.45628
19.6742
25.74907
23.5928
24.36891
20.44835
22.50233
22.05074
18.82453
24.41231
22.46226
20.90075
18.80494
23.30722
19.72339
23.96135
23.86879
25.9756
23.09238
22.62412
22.69846
22.53006
21.09618
22.49879
20.54795
21.63454
27.12464
20.68749
18.11311
21.69889
21.07388
22.61944
22.78996
23.53968
24.85115
20.59707
19.24437
24.20294
23.61376
22.99616
27.90377
22.31551
23.11564
18.88066
25.99814
26.21409
21.37855
20.43555
20.72351
20.02384
24.20102
24.46854
25.89212
20.10298
23.84528
23.0042
23.60542
21.06723
21.25374
22.73526
22.62866
20.82949
22.44766
25.4194
24.03784
24.83192
20.40126
26.28382
20.36417
24.29633
23.92437
26.44321
24.05169
21.02828
22.6861
19.59829
23.62348
22.12154
24.88621
20.48882
23.70349
21.07046
22.41001
22.38671
22.23996
26.54769
23.46109
20.85045
21.37791
23.13663
26.16091
21.52713
21.96257
26.46458
25.3448
22.46632
18.36625
17.64095
20.26221
25.8403
24.10537
22.07582
23.3958
24.61567
20.07845
25.96025
25.46206
27.09135
23.78266
20.30173
23.22739
21.31675
26.82478
27.17287
20.49954
18.98019
24.00337
22.92122
20.93162
21.69549
21.94004
22.8848
24.32561
21.38831
23.61936
21.27622
21.086
24.52365
19.43509
22.77235
26.43914
25.52422
21.16336
21.95809
22.18732
24.85218
23.51686
23.23899
19.46838
23.46193
24.67987
21.75841
24.26119
19.84339
22.81625
19.64238
23.01781
24.56343
23.90581
25.43391
26.15727
23.27792
21.15189
23.64199
23.15989
23.55836
22.78045
22.49318
22.19096
24.10393
26.1693
22.22091
22.30331
27.10993
19.52442
23.68731
20.94948
21.47184
22.13105
20.63192
23.49499
23.86455
24.65484
21.15111
24.23888
23.50705
25.00462
18.72604
24.23796
23.88441
23.14921
20.76565
21.96494
23.56166
16.67166
24.97018
24.53976
22.13339
19.98794
25.09622
23.26253
23.22031
21.99036
23.61083
26.32813
21.86643
25.82449
23.61974
23.56239
23.04997
21.63968
22.2746
23.132
19.71823
23.12724
24.1586
23.14027
22.01042
23.36292
22.6776
19.78032
19.55263
17.30379
22.57881
26.08283
25.0854
21.5574
23.0375
23.61519
24.9943
18.33382
23.65191
23.84346
26.70072
22.9269
19.75884
23.03759
23.36782
19.9645
25.38781
20.53502
22.20642
24.29907
19.9793
26.37871
25.90145
22.91125
25.15481
24.20627
25.97566
24.49159
22.40766
23.63208
23.09262
24.66472
21.52824
22.46786
23.50658
23.34284
17.14914
21.94692
23.40705
24.69649
18.45386
26.5024
22.59753
24.65376
17.65943
24.06275
24.68442
23.74214
19.66541
23.05035
20.2848
24.27261
21.08157
23.11264
20.44104
22.63846
18.77782
24.32675
24.9075
20.19325
23.70041
21.69857
20.22863
23.6419
25.46612
26.44518
24.90618
21.15103
19.65517
23.49405
24.16935
23.78947
22.98414
20.55587
22.1643
17.82283
22.95472
24.32784
21.67621
24.95232
23.80414
23.25375
21.85192
25.2376
24.2029
23.79525
22.71429
22.46541
20.56739
23.67357
23.21348
23.36229
23.64666
23.2122
22.98395
24.9647
20.78944
20.17018
23.09688
24.65716
23.45342
21.10241
18.8558
21.6982
22.74331
24.99998
21.8782
21.49531
22.54747
22.43839
22.69978
25.44062
24.9455
24.24552
21.48204
22.44566
19.13363
25.47911
20.86884
20.55969
26.39178
24.16029
24.63871
22.26649
24.12725
24.69875
21.01022
22.4461
24.33745
19.28177
20.9576
21.45176
22.78528
22.67316
19.03649
21.56173
22.6907
19.87601
23.73143
21.55903
21.5459
22.62375
18.71123
23.22505
20.67017
22.9685
22.33028
25.12703
24.09122
16.89204
24.5705
25.59696
20.65393
22.92289
23.33363
25.66489
22.24003
26.20363
25.69405
21.95181
23.70149
16.45759
23.55958
23.63974
23.96223
22.00606
25.03806
24.77811
18.15446
24.50215
22.47245
20.79048
25.86275
22.75562
20.7471
23.12886
20.48094
23.8999
25.40126
26.11184
20.23474
23.84501
17.32439
23.93083
22.76348
21.09028
21.75302
27.11797
22.04208
21.48497
25.46062
22.9289
22.08871
22.45137
20.94044
21.69244
23.37069
19.95999
21.74436
17.34853
21.32291
23.99539
24.99095
24.14984
20.12572
22.26986
18.55965
24.57513
23.48252
24.28617
22.80782
18.87408
27.1458
23.04686
23.77955
21.63076
19.05644
21.61578
17.68336
21.67692
25.61989
23.25224
20.43202
23.54464
20.76137
21.40748
25.84657
23.07171
21.83772
22.7657
16.60797
25.34919
24.83048
21.1608
26.03379
25.26419
24.03012
23.27268
23.61468
23.29631
21.6713
21.53989
21.73032
24.40016
21.66576
19.65447
23.56754
23.01447
26.89317
24.39179
22.84463
23.24644
20.34558
21.28837
22.26465
26.79549
22.69555
23.03295
22.77222
23.95915
26.10877
24.35148
24.14737
22.38242
18.32595
22.77967
20.90135
24.41525
27.00813
24.01485
22.31612
25.55306
23.29106
22.3134
25.42236
23.56642
25.76602
20.85578
22.56536
26.81941
23.01374
25.03294
20.99987
23.12472
20.48383
20.64973
24.2014
25.37903
25.07112
22.82112
21.92348
24.14167
21.18681
22.8247
17.44054
21.73333
20.86723
23.89518
23.29671
24.42774
22.5028
24.08368
21.32074
24.38284
20.32367
23.41603
24.49498
23.13087
23.77245
20.93194
18.6738
21.29815
22.36663
25.4957
21.03743
21.44221
18.76657
23.38462
20.23004
23.3912
24.34155
21.16782
22.68791
22.10359
24.21512
20.00956
20.40853
22.49328
24.15308
22.42293
22.13767
17.22768
22.15172
21.43444
21.8066
20.93457
21.50539
23.43736
27.37648
26.66506
19.71592
15.81206
24.29422
24.01203
22.88222
23.6679
22.6719
23.77303
18.78556
21.95886
24.69781
20.22075
25.25689
22.5422
23.83213
24.55125
26.41548
25.92278
21.86032
23.19442
23.15328
24.02684
26.08636
21.79943
23.21233
21.53681
25.41103
21.43303
23.46356
21.21866
18.66938
22.91292
24.57326
23.31819
25.77214
26.37134
23.09067
23.43009
20.79982
18.67163
24.24318
27.02284
25.36844
23.43127
20.79563
23.02156
24.29534
23.87304
23.51051
24.59813
25.77581
20.24848
23.04998
24.70167
23.78213
20.28317
22.96062
23.27634
27.0159
23.19394
22.89274
24.29314
22.41931
20.34243
24.11885
18.80326
21.20515
24.67462
24.08989
20.72798
26.40711
24.42202
23.73491
25.66078
20.68316
24.14311
22.96094
21.77844
20.83554
25.54908
20.16561
22.03136
25.37774
19.89738
23.5667
19.66027
25.01783
19.8018
22.0864
20.34817
19.42869
24.39278
20.17118
21.76108
20.56303
25.6897
26.83734
21.49902
22.96219
23.5195
20.62265
25.75187
19.10989
25.09737
26.48375
23.50572
22.47669
23.01558
24.71361
23.41118
25.44478
20.67486
21.45686
22.14811
21.71226
22.85985
19.54627
21.27085
24.29859
21.86673
23.62743
22.66992
18.34547
19.86104
22.59585
21.56588
18.02616
24.75609
26.29432
21.72835
24.29672
22.89881
24.45814
21.03434
24.38894
22.72151
23.69922
23.63613
24.57619
21.95118
23.42268
17.29496
21.78148
23.18858
19.45398
16.55294
23.10641
23.17361
19.60811
24.77382
25.48805
23.59476
22.68249
24.81847
26.17855
22.42639
23.33646
21.37576
27.45149
22.98294
25.382
27.3526
20.65526
20.23683
16.53945
22.23109
25.84674
22.12825
19.85288
24.25037
25.01616
25.32457
21.16759
20.00632
19.2867
26.58928
21.62089
22.81358
20.9793
21.90141
23.80064
22.55048
24.70399
23.3616
23.32709
25.29099
21.72074
23.33975
19.78086
26.70308
25.03884
20.38174
21.06845
22.80974
21.56771
21.15566
20.03554
24.62747
24.11002
20.25369
25.37745
26.92047
25.9543
24.10747
20.22973
23.92247
19.73237
21.17815
20.52554
21.75991
26.96161
23.59225
20.21161
21.69466
24.60025
25.06764
21.76086
22.34268
20.45578
24.36227
23.72769
20.75433
23.98677
27.51535
21.84463
22.45228
22.66472
24.8318
22.46205
20.30679
20.89136
24.47267
25.8401
23.20524
21.46975
26.24452
20.92986
24.72033
23.6407
21.29286
23.73848
21.35757
23.68651
23.3091
21.79277
22.76744
20.6449
20.66863
23.93797
21.64432
24.94402
24.34958
20.76391
25.04467
22.56814
22.15026
23.43965
22.69842
21.5917
23.71435
24.03016
24.26533
24.8516
23.01529
25.49571
22.06305
18.08923
24.67413
22.47683
22.81257
23.52855
25.94991
23.25137
20.03867
25.50605
20.2415
25.28812
23.74032
22.65075
22.29344
26.04594
23.34375
24.43247
22.08241
18.34596
19.47121
23.9634
19.35679
21.71965
18.13865
21.59431
20.52649
22.28543
24.18687
20.97676
23.29691
24.17723
26.12559
23.1324
25.20601
21.10447
27.33268
21.05962
27.34067
17.01648
22.31058
22.11351
21.82611
24.69404
20.32904
23.99314
26.22137
20.32714
23.15197
22.70027
24.77179
27.08565
23.23889
23.48424
21.64138
22.73245
24.87725
24.2869
22.97548
23.44746
20.24201
23.32022
19.88759
17.13559
21.51095
25.96705
24.21158
23.66713
21.46497
21.7638
22.62001
19.43278
25.59386
23.83362
18.11163
25.9788
19.47676
22.81054
23.96937
25.488
22.22609
25.38678
22.40682
24.97788
20.69733
18.83416
25.04111
27.32316
20.72563
25.7446
21.55582
23.65617
20.50187
23.67307
23.27434
16.89797
22.24215
24.91072
19.96327
25.94664
21.8752
21.06162
21.017
20.83255
26.60319
26.13273
25.06046
24.66137
20.72872
16.79582
23.67178
22.16724
22.7788
16.56462
20.42715
20.03346
20.9881
23.07737
21.9921
24.10607
23.97178
22.42246
24.28405
16.1222
26.3432
23.48849
20.73837
24.84515
21.06916
24.4724
21.79055
24.45168
22.89005
24.6854
23.30637
24.83312
22.76159
22.84169
24.86715
22.38888
22.14583
24.02908
23.08197
24.67711
24.6333
19.34698
24.09368
23.84424
26.52138
24.31798
19.01652
21.27865
24.41049
23.89823
17.14408
23.48105
25.42399
24.70895
26.7603
24.06957
20.92221
18.95141
24.62982
22.07513
22.23424
23.88315
22.37127
22.47925
26.97051
26.16285
21.59919
22.31143
22.59329
24.39358
23.15478
24.21446
23.20338
24.65143
23.71182
21.10577
22.57666
21.53735
23.95616
22.23815
24.89907
22.93254
24.50199
23.19693
26.44759
26.04451
24.11322
24.53824
20.62685
22.67672
20.22642
20.5804
20.44395
23.57072
24.89221
27.38228
24.12431
24.46619
22.90372
20.99286
23.79911
26.6461
23.31609
22.87895
21.04431
20.76242
23.64049
24.26421
25.4326
20.63508
23.99832
26.43412
21.00061
23.53469
21.11855
23.27066
20.14815
22.11287
24.09054
19.61102
25.80547
20.78827
20.44465
23.48527
24.14968
23.21846
22.81782
24.34588
24.79027
24.48565
24.39817
20.30896
21.47091
21.7073
22.65197
23.83976
21.93718
18.16367
24.22843
24.95259
18.68497
23.85925
22.81856
24.56341
23.90845
21.44833
22.31744
24.1186
27.01253
18.94175
20.82321
23.47875
25.3181
25.56946
22.4084
22.96903
23.98938
22.179
20.78448
21.92908
25.97259
23.51557
25.70387
22.66421
20.83426
22.59179
22.13238
23.28294
21.81792
23.3655
23.85723
23.58804
22.93098
23.1433
25.67736
23.31013
27.86016
25.66875
20.35982
26.11764
18.34077
20.78224
19.20516
21.48131
19.69802
23.63991
21.26166
23.80248
24.19715
26.81034
26.97391
22.83222
19.21474
22.30716
27.24957
23.27495
24.35384
21.02592
24.4197
22.40279
24.3352
16.85412
20.75647
25.2129
19.7997
24.04835
21.29933
26.43139
21.77902
23.2251
25.28924
21.29584
24.32291
24.8628
22.32863
26.30128
27.31265
23.11232
23.26918
22.10652
22.96581
19.22692
22.54197
21.26271
22.61171
22.35558
21.37083
24.09873
24.17708
25.42537
24.30008
22.93999
23.15157
24.77296
26.7094
20.9386
23.07187
19.97278
18.9365
25.41329
17.15617
17.87827
21.52559
25.29415
24.25239
24.98268
23.01075
20.88947
26.86544
23.83367
20.49741
22.1109
18.72433
21.76483
22.65686
24.22941
23.15761
17.87038
22.86163
22.5863
23.31351
20.33437
25.50919
21.54429
26.06304
21.77025
22.63821
21.01782
21.02805
23.33957
16.64438
22.16385
22.37781
23.4843
22.36671
23.29618
26.44544
20.21733
24.59016
21.87238
22.20451
23.44597
24.72991
18.51317
20.13283
25.26748
23.74121
21.22574
24.41237
22.92641
23.39986
25.69144
24.98619
21.6478
23.66337
25.01545
19.51361
26.89214
23.37996
24.53252
22.73907
24.57992
21.02588
25.91052
22.9811
24.30625
24.74653
23.68083
23.14936
21.97454
23.36689
22.43258
26.71576
23.48439
20.25329
20.68759
21.87735
18.70115
21.55279
23.48209
23.93584
16.92126
21.24847
24.26211
26.73017
22.53331
19.90528
21.3933
22.79536
24.102
23.2035
22.24976
25.2568
21.98677
19.29764
20.87558
25.4959
23.739
23.16537
20.41347
27.28527
24.67359
22.587
20.57249
22.04431
20.19587
25.29268
20.52321
25.57719
21.41224
22.32359
19.63353
22.98224
17.62945
23.51326
23.69622
16.78912
23.96007
20.30189
23.49123
22.81444
21.91206
26.99208
23.93988
22.30517
26.57187
19.93299
24.47037
24.09714
22.75272
22.32924
20.57771
22.7227
21.10701
20.37901
22.46399
23.60786
26.5641
26.81326
25.49238
24.57976
22.81547
23.37883
21.8019
23.71096
23.36441
20.04783
25.97063
22.8724
23.75683
23.00633
25.88519
17.4936
22.22575
21.92137
20.78607
23.36361
23.88639
23.33059
17.39765
24.43605
21.33966
25.69392
23.2612
20.27279
25.90113
25.85799
24.48208
21.0386
23.80714
16.18594
21.97247
25.01015
24.00783
22.40018
19.04301
20.63338
23.20031
25.35684
25.64464
24.3388
24.07504
19.87648
24.79839
19.9881
16.39638
23.96386
23.70651
23.60162
23.11284
20.23522
20.89809
20.3123
23.66096
21.83667
26.01492
20.91157
21.89141
25.78004
18.32627
23.34309
17.92517
27.18214
27.21512
23.62201
24.47159
23.04502
20.84762
21.09439
22.53282
22.83451
24.90043
22.96003
24.75698
22.47808
23.62499
24.48891
26.17704
23.15785
23.71315
21.18268
21.06176
20.13569
27.32277
24.62059
23.86503
24.45402
22.54789
24.13831
21.35308
24.07114
24.01414
24.3006
22.42942
26.41017
21.55196
25.68292
26.19429
22.34418
25.32209
23.05446
24.84854
25.37383
21.0387
21.95751
24.48904
24.02905
23.24035
24.17381
27.19213
28.00775
20.51366
26.36846
22.08192
23.89021
26.52027
23.83739
24.27839
24.34645
19.63653
26.29669
26.49189
20.38557
25.438
23.37822
20.82219
23.58024
22.43622
22.61903
16.94067
23.945
25.32304
26.11592
21.48553
23.35517
24.93912
26.68232
25.711
23.09019
16.69968
24.74556
24.41071
18.12919
22.12225
24.32735
23.45584
22.98117
23.05309
24.6861
23.28873
24.25313
21.84798
22.72344
20.22429
21.36853
25.00912
22.96263
23.38434
24.18284
26.09959
22.72054
22.06959
26.43566
21.43334
24.50433
23.95055
24.27937
24.96984
21.84605
24.2976
24.25321
24.28782
26.12767
22.81904
21.6465
19.87119
22.93146
22.53746
23.57592
23.47249
18.25224
22.499
24.70955
24.73983
24.01699
24.17377
23.90318
24.78577
23.98684
20.4118
23.74444
22.25425
20.26931
22.30343
25.16584
20.547
24.34981
22.4309
23.42888
19.97941
27.32278
23.62746
20.68458
23.26384
25.78327
24.05002
25.01367
23.10316
19.76774
26.31567
25.00543
21.01861
24.74542
22.62147
26.90043
23.36699
22.89995
21.99761
20.21109
23.74598
20.99309
25.50343
22.62986
24.5654
24.32664
26.77312
21.56644
23.98228
21.57595
22.262
15.47654
19.71244
21.00155
19.87523
24.26223
24.07157
26.48822
23.79161
22.64287
18.99484
20.69787
21.9188
24.23902
24.75061
25.44819
27.32963
21.91875
23.71238
24.25692
24.42748
20.83645
21.39869
22.04986
24.49135
25.54664
17.42102
26.07276
24.7566
24.31764
27.34114
21.65737
23.66412
19.30115
23.00862
23.40577
19.1869
22.76722
23.01819
22.40653
25.38652
21.88723
23.60149
24.97894
22.4201
23.45279
22.82067
25.31996
21.58469
24.50417
22.30848
17.13106
24.92968
25.23571
26.03218
20.26722
17.88795
22.66819
24.70675
21.12793
21.30553
20.41084
16.42263
21.43848
25.29582
16.03341
19.66191
24.37426
19.81606
23.31562
23.03836
21.59169
24.79449
25.84892
25.63181
25.40977
20.36212
21.06346
25.81647
22.57604
27.19886
23.63283
22.21447
19.347
24.13183
22.2176
23.98004
26.1828
18.92954
23.37367
23.01809
23.18869
24.64449
23.15464
21.95536
22.73406
22.50624
23.87247
26.13521
22.11614
24.41015
23.94998
25.79849
20.70959
22.02801
20.61986
20.21302
23.48961
19.96095
22.18042
18.26725
21.02401
22.09404
21.93468
21.44509
22.03642
23.61561
25.42665
20.42528
22.70316
20.44876
24.5441
26.31847
20.9239
23.82333
22.1367
24.92066
23.64338
24.22446
27.1163
22.44029
20.13011
23.47635
25.39648
24.12282
26.21487
24.20987
22.91809
21.41965
27.08175
23.96386
23.21652
21.54049
22.54011
21.83172
22.91907
23.19141
24.73284
18.44845
19.23453
22.06452
20.11682
22.48624
20.61293
23.9836
21.9543
21.58911
24.46484
24.51218
21.27524
23.21318
17.98269
24.39577
23.52112
23.81077
23.86008
22.55589
22.2532
22.15383
22.06481
24.89432
23.60724
18.085
20.73167
21.90434
21.12185
24.29044
21.6205
23.49027
24.16568
20.11507
20.80029
24.97417
26.75808
22.52833
20.1863
22.44005
24.42066
22.77102
22.74044
23.9801
20.20112
22.08773
22.58617
24.83372
21.49871
22.41565
22.67013
24.40169
27.5357
21.16192
21.73624
26.3678
23.43103
23.41075
26.08571
21.45893
25.3031
22.3331
23.79838
24.35168
22.95107
26.30523
23.5799
20.47361
20.23065
24.75006
24.69635
22.92224
24.91597
20.52764
23.52517
22.68389
20.9678
19.31138
24.67689
20.37563
19.40346
24.0096
19.36694
20.18319
21.4516
24.6725
23.26595
20.78977
26.46468
24.85785
22.82034
25.96784
20.90031
21.40854
23.21255
22.73629
21.02242
21.50959
24.08904
22.47628
24.60453
25.04934
26.83206
21.92264
21.34449
27.32734
24.209
24.82988
17.9508
24.23745
25.01527
26.4622
23.04959
23.46858
23.01421
19.4141
25.21789
18.34482
23.81002
21.98455
18.54433
23.84669
27.28916
22.52976
25.99589
21.59941
26.66854
25.60213
21.66159
24.54034
24.23841
16.88149
24.39789
22.03479
22.38007
22.65078
22.98225
23.11204
23.73288
25.22141
24.03889
20.37194
22.81797
18.67037
25.96882
22.22115
24.86507
19.26467
25.31974
22.64706
24.69298
24.15245
25.05724
17.92482
19.90353
22.56742
24.82824
26.42747
22.3488
23.29539
17.90225
20.18509
21.40483
21.02736
26.23366
23.86654
24.20473
24.68463
21.20746
23.42791
26.13137
26.86109
19.8499
23.62349
27.23587
18.88593
23.42809
25.91561
19.22883
25.99226
26.28152
21.90629
25.28765
24.22265
23.74203
24.88799
22.95354
25.93174
22.80038
23.68481
25.98652
21.63296
23.1336
20.33383
20.77841
22.13926
23.7595
20.93926
24.90968
20.71329
25.69013
26.22479
19.6764
24.02955
26.10046
23.10391
22.12357
23.20262
23.13713
26.29836
25.85418
18.99338
24.36767
19.83716
23.34526
24.39086
24.52817
24.53755
26.9183
24.39674
20.3674
23.80869
25.45892
21.35816
16.74775
21.02819
20.92337
19.96131
25.60585
23.71037
22.51839
22.59087
23.87587
23.47642
24.91799
27.18712
20.45606
26.68363
26.79586
23.65954
25.53807
20.39669
23.19386
24.71306
20.43108
20.50656
22.96821
22.92518
21.88412
24.49295
19.839
22.23825
20.64225
20.53989
22.6574
25.35812
26.09909
23.24432
25.24225
25.1306
26.59138
21.41349
25.30691
25.83659
22.36979
23.04884
26.83555
18.2702
24.44153
25.06973
23.20396
19.69592
20.94646
22.27055
27.38336
22.51517
22.4362
15.45759
25.80767
20.61631
21.03826
25.01957
25.14597
23.30282
22.57361
25.17061
24.41036
23.9955
20.02637
21.85921
25.27226
23.43265
23.06326
20.01247
24.61815
22.56833
20.89294
22.7206
23.36426
20.39868
24.28162
23.06122
25.95811
27.16367
22.64893
23.25413
19.04365
26.6431
25.0747
26.53308
25.39909
22.0319
24.59359
24.04562
19.85862
22.28792
24.25021
21.12091
17.65284
24.20687
24.465
26.47236
21.77706
24.25295
24.25973
28.09192
22.3956
24.47359
23.71995
23.8762
24.41687
21.49599
26.71341
26.01858
19.94233
26.49327
24.27255
22.43838
24.92671
23.51436
20.60898
24.92199
22.39603
21.81742
22.52171
23.30249
24.47783
20.42086
22.7879
22.86417
22.75606
25.62984
16.33391
23.96927
22.67677
21.98297
20.67532
26.54833
23.17258
18.21218
25.8851
22.53045
18.8847
24.22544
22.09537
26.02143
15.68564
22.66742
21.58561
25.30182
26.52867
24.83855
17.84948
24.55917
17.85419
23.2501
23.76829
23.07642
26.09819
24.35282
23.41329
24.77917
24.85218
23.07402
25.81287
22.15079
24.15317
24.49637
23.84491
26.8969
21.50667
24.68719
23.08458
19.48728
26.81005
23.82202
24.77936
18.97976
24.28093
24.83823
21.097
18.8608
24.58178
19.33684
21.45367
24.31108
22.57055
22.19043
26.20538
25.55055
24.19517
24.27769
24.68968
18.46696
23.36862
21.60948
18.11461
20.95664
23.74067
23.22706
24.04803
22.53791
21.05598
20.57474
24.57112
20.10596
24.19427
26.50375
23.77231
21.21997
20.10765
24.90593
26.40484
26.82114
23.78283
20.31972
22.03569
23.56068
23.37936
23.62868
24.15937
24.27875
23.23617
19.05429
26.3348
21.505
23.80009
20.86352
23.65193
22.81426
25.04001
23.85606
27.28768
24.40939
22.72583
19.64046
22.41774
23.50672
26.80896
22.36691
21.15936
24.33195
24.49008
21.07609
23.38488
21.58421
22.46597
20.36451
23.4202
20.88693
21.77615
21.72526
18.23044
22.19608
20.75192
22.98296
25.15527
27.28984
25.09723
24.84843
22.66025
22.67146
26.85262
23.87833
24.11162
23.52906
26.29122
20.87627
20.93718
22.30473
21.32085
25.43375
20.94572
20.8738
23.4721
21.90942
22.74692
20.39461
23.45078
24.80365
24.51045
19.94013
25.62758
24.13588
22.84287
23.83353
23.65075
23.02091
25.14129
23.63389
22.23048
24.75382
23.07548
19.32927
21.08212
24.42028
23.07588
21.51529
19.9841
18.7925
21.47892
23.42797
24.06244
21.83059
21.94042
20.80304
22.70575
23.84557
20.16217
21.52264
23.60079
22.23381
20.06244
25.70511
18.26662
22.9195
24.38895
24.14219
23.14792
20.79761
22.61305
24.08809
26.54274
20.78071
23.98172
25.5649
24.07543
23.66627
22.21991
23.64615
24.75044
26.09501
19.4408
22.00478
20.69887
25.52762
23.44484
22.89279
23.71482
21.67209
26.59029
20.4916
22.46707
19.77783
23.09753
20.38022
19.0164
24.23927
23.08585
22.71979
24.29292
26.22341
24.27469
22.73502
19.16835
25.64618
22.46685
26.8808
19.58254
20.75806
23.91809
21.45782
22.87576
25.91114
21.41191
20.10847
21.00544
20.7494
23.34104
25.67723
20.29004
25.88533
25.55446
21.81295
24.1735
25.05829
24.23436
25.16061
24.97766
26.10666
24.24872
27.55982
22.14641
22.77549
22.13647
19.33797
21.58958
20.45192
24.34864
28.16724
24.15151
21.4645
23.50059
22.77627
21.98043
23.49847
24.88424
25.80043
23.56166
23.12673
21.13713
17.77708
23.96941
24.30777
23.45229
22.36019
23.11324
21.99243
24.00478
21.42474
22.29274
24.3847
24.65592
21.81951
19.11385
22.9649
21.63228
16.40403
20.27324
24.5379
22.65402
22.71223
24.428
20.44336
22.7862
25.52962
24.20654
21.5992
21.95666
20.17677
20.9291
24.76814
24.59732
24.66565
26.68137
27.21196
24.5902
22.31114
25.84405
24.1877
22.29174
22.1
21.49077
20.7338
21.68853
26.51845
23.14139
25.86021
25.76756
20.95121
24.85846
21.73164
22.53049
25.56823
22.94598
26.72784
23.67398
26.7013
23.93561
24.17964
24.51388
22.83552
19.09538
21.03672
23.84728
20.80888
25.09993
23.44209
21.04902
20.34193
23.52675
23.07692
23.64984
22.24692
22.73597
21.35284
24.07068
24.41509
20.30545
22.98039
23.69986
22.52441
22.89778
22.91479
22.83758
20.29721
23.5974
24.03588
26.86727
24.99772
22.91861
26.88207
25.4473
26.07789
20.8368
21.53283
17.86327
25.26292
22.01619
22.30325
26.02701
23.36177
19.90137
23.03121
23.17698
24.63433
22.02889
20.80493
24.18741
24.36628
25.87097
22.81241
19.53061
23.31953
24.42305
25.53912
23.85184
20.00738
23.01506
24.20882
20.68278
21.26678
19.00032
19.60228
27.33788
20.47745
24.55734
23.15311
24.54302
19.30609
20.25833
23.33183
22.77799
20.23512
23.00024
18.68649
22.20779
23.36932
20.55298
20.87103
22.7296
23.9931
22.50963
20.24776
20.5206
17.5231
26.17229
23.78685
23.06034
24.45965
26.42405
16.76963
22.35408
20.57459
24.62894
24.92293
22.34355
24.6678
16.32359
19.74209
23.39902
19.90393
23.81385
21.89932
23.7184
23.38623
22.96136
21.1306
23.05375
26.82265
22.83405
25.20309
26.31737
18.44978
26.24789
23.64708
22.75056
22.29685
21.16538
25.28546
22.70363
24.36795
23.2468
26.46867
25.57884
20.54608
20.90432
23.11836
23.22925
19.9828
22.69994
23.79771
27.16534
22.6605
21.77174
22.93478
22.02529
23.61648
25.10346
24.44709
22.65597
25.30869
21.95663
20.84349
21.92855
19.58538
22.37024
24.01228
19.64973
24.74746
26.66953
19.90162
24.75995
26.25425
23.67682
20.66195
20.26961
23.87006
20.86073
21.36175
25.19962
22.7496
26.23352
23.90405
20.01642
25.14943
24.29893
24.67346
23.47011
24.24897
23.0117
18.97902
24.68565
28.33952
22.95398
22.41264
23.61334
23.55229
21.31989
18.93631
22.86684
20.36463
23.06868
24.03007
24.24004
23.51952
26.53596
24.70509
27.03423
27.0888
21.63667
24.15013
22.89006
25.90604
25.49103
26.21179
22.92
23.47648
23.90853
23.00628
23.18676
22.77053
22.99338
26.02735
21.00071
24.12872
25.8282
22.7291
26.46366
17.90429
20.66512
22.76658
22.70538
23.71258
26.50513
23.88194
26.69807
24.13677
22.99569
26.30597
19.81703
26.81765
18.47015
16.09865
26.38397
18.73732
22.29467
26.1175
23.16699
22.15182
23.36765
20.58935
27.55059
26.41159
21.9822
24.9777
23.11644
23.78565
22.49969
24.74027
23.4624
23.03844
24.2127
23.86974
19.42703
26.2435
24.56937
26.63785
19.76208
27.34076
19.92906
23.70454
25.88722
24.51578
23.17754
16.87199
24.11247
21.26407
23.17362
23.22213
26.26443
15.43079
24.22089
25.11888
24.49981
24.0677
20.72473
23.92867
22.11256
19.30564
21.27551
19.8518
19.77447
22.96226
26.0126
26.94323
21.46475
22.91349
22.3504
23.90878
18.56773
23.35888
24.31618
26.39153
24.39279
18.14853
21.33516
20.89946
24.76191
24.61702
22.63422
23.9289
19.22913
26.17811
21.27209
23.83471
20.05356
21.91205
21.30848
25.93474
24.90782
23.62797
22.12817
23.2807
25.29318
21.48609
24.20886
23.99882
20.63631
21.30645
21.07205
24.50248
25.7013
24.65945
26.93623
23.99069
24.53547
25.25927
23.22263
23.37428
25.13483
21.85347
19.11407
23.34991
21.85451
26.03004
25.56297
21.676
21.7275
22.31099
20.24403
24.97064
24.17012
22.48554
21.20733
22.1344
22.14592
24.82715
24.87485
22.25794
22.9289
23.22386
23.67036
24.72061
20.8514
22.64687
21.37444
22.72966
23.55441
24.56355
23.27906
26.38556
24.11984
17.03625
15.29726
20.61507
24.00795
26.60083
17.66341
21.42222
24.65484
22.67177
23.13328
23.26252
24.2158
21.51693
22.44781
25.75876
21.10222
25.08249
26.69415
18.03907
22.56819
18.57501
23.05496
21.6377
17.30014
19.09159
20.66309
23.48365
22.56473
23.8698
21.86299
26.04933
21.66446
23.22838
22.80325
24.17337
23.41587
24.54978
22.73063
22.64952
28.42541
23.59929
26.01435
22.25199
20.05193
19.45001
20.02473
22.06705
21.28183
26.48363
20.79624
25.75924
22.62254
23.44095
26.43317
23.35094
25.93937
20.41731
21.20591
18.0844
26.57853
23.63946
23.05635
21.65974
24.92112
23.10151
22.71425
25.11463
18.70601
25.41873
22.1098
24.28999
23.05047
20.67263
22.47569
23.04926
24.74719
22.36373
21.35844
21.77175
23.57404
24.38287
23.94244
26.94184
26.11977
23.64408
18.49666
20.43324
18.04383
26.7183
16.78162
24.07914
21.44041
23.44424
25.62992
17.24145
27.00504
26.58954
20.7942
21.41091
23.77833
20.78955
24.4137
22.4797
20.2741
25.25752
24.56655
20.96079
22.9001
24.74131
24.88537
21.27508
23.04962
22.74187
25.88191
25.33641
24.55921
23.60268
25.87209
20.84826
22.69332
22.74291
19.83914
23.48489
24.81624
21.75219
19.89707
23.49727
19.21638
23.92353
26.41246
21.92895
20.70054
23.21863
19.01059
21.5303
23.89796
16.48163
23.506
22.56329
25.49656
22.0363
20.21194
25.21487
24.89665
23.3567
23.33299
20.61997
25.19333
21.96509
21.31036
23.52426
25.21716
20.57015
17.25749
26.61896
24.8786
21.929
23.17579
23.40014
22.53546
23.38934
21.819
24.052
25.27226
22.55694
21.06113
22.57239
24.25731
25.47645
16.35314
22.93506
24.87769
22.13059
22.4031
22.2604
23.85545
25.93979
21.87461
24.92618
22.54671
22.64406
21.37042
22.93913
26.81626
18.92324
24.01396
23.43767
20.47223
23.08235
23.1997
23.56387
24.12683
24.24246
24.79634
22.38129
23.27389
20.77187
24.99049
21.28314
18.79191
26.42962
23.30179
25.26431
24.89716
26.26646
23.78606
18.24474
21.22138
20.9175
27.04181
22.629
24.31783
24.43256
23.26584
21.09652
21.56134
27.54408
23.77513
20.35743
25.48015
24.02876
25.10881
23.38649
25.14397
20.5922
26.09967
26.95534
20.0485
22.93801
24.20446
24.08474
19.28448
26.25523
26.14538
26.47232
23.47331
21.34467
24.79626
22.58604
25.07011
20.73599
22.87179
19.5633
21.62203
19.91622
23.44744
25.44514
25.86546
26.62685
23.65574
21.80751
24.44992
24.385
25.00804
23.04579
24.8471
23.57442
24.71591
26.14937
19.93905
15.66109
26.04794
24.47348
19.80766
19.39333
23.29158
20.74024
21.4988
23.87217
22.96911
23.3268
23.46325
25.90478
23.15552
24.57002
24.66971
23.08558
24.806
19.92445
22.04284
26.13024
25.90111
21.36973
24.45451
22.87384
24.12619
23.13287
22.74453
24.82977
21.62397
18.75004
21.42984
23.32204
23.01518
19.63378
20.52457
24.06565
25.47972
19.83
19.75105
19.74919
24.19229
22.24669
21.44456
21.80618
24.306
26.94275
20.39029
23.43756
26.01642
20.95347
22.98225
15.45459
23.38716
22.65855
25.82017
24.07708
20.3868
23.85962
20.63017
23.5373
21.75649
24.0044
24.39501
22.35953
19.78981
16.75992
25.07068
18.69142
26.815
22.94092
23.25186
26.11917
16.86892
25.00763
21.88498
23.04682
22.66686
25.59442
22.56361
23.89322
18.39824
21.25769
22.3257
21.37475
24.39498
25.36455
21.04473
23.81726
23.5519
20.62583
19.48149
18.99772
21.92284
23.05818
27.21848
25.41807
18.43785
20.86076
23.7476
23.69777
20.51073
23.85298
20.7594
16.96411
23.8079
24.68787
26.97176
21.48328
20.76474
18.44072
22.30472
24.12082
24.46826
23.08411
19.18317
24.39545
27.40113
20.51794
26.28575
18.96352
22.7551
24.03476
25.53224
20.99839
24.14136
19.4664
22.85254
25.71626
23.81325
25.95325
24.8797
24.64048
18.67852
17.26528
20.58353
24.49208
22.08098
19.93883
22.82691
25.82586
26.68866
23.78932
20.41595
25.45526
25.39998
25.54467
27.04809
22.79765
21.2688
26.25583
21.58628
23.67458
20.62462
23.49391
24.38266
19.53224
19.46688
20.87865
23.76939
25.17099
23.98213
26.01082
23.98398
22.22432
24.34863
23.49488
26.78142
22.96781
21.66277
24.15342
21.19425
24.19799
20.25265
21.56229
21.3643
22.47735
26.72112
22.29998
25.11324
21.33344
25.49324
22.00936
22.46523
20.44197
18.36237
17.67136
24.41177
24.11588
27.71868
24.11155
23.17925
23.82716
23.46445
19.52262
25.32361
24.97621
23.51857
22.50343
23.82651
23.94054
19.38666
19.4877
23.03267
23.59619
24.57563
27.0957
23.44095
24.82475
27.16216
22.01538
23.14425
21.77309
26.9153
21.77017
19.82334
24.50502
24.2671
26.98097
20.72625
23.48096
24.87503
23.67434
21.69733
23.80378
24.13227
23.92051
22.92387
22.55325
24.5559
24.25695
23.44789
22.71838
25.18156
21.5885
24.73253
24.64548
28.09742
22.79538
17.21007
22.73667
22.44326
19.71182
19.23426
23.45432
21.30276
23.32822
23.42845
22.88949
23.28251
23.00048
27.42649
25.27414
23.3352
19.08761
24.72244
24.32894
23.60946
21.84736
16.45484
23.02217
17.38029
19.4873
24.46545
22.21865
23.75847
23.58525
25.62279
22.97872
22.16974
17.76479
25.58959
20.5864
21.77514
21.48905
25.95563
20.37389
20.46747
25.20953
21.53597
25.4337
24.77432
25.03976
20.90471
19.92263
24.4866
21.90118
23.55009
18.80467
23.01102
22.13427
21.6408
23.36046
22.6769
21.04617
21.61843
24.00301
23.69292
24.23778
21.44004
23.56444
24.45896
22.10654
24.17385
19.65928
23.67041
22.86
23.64374
23.01677
24.17382
25.14517
23.29924
20.55603
25.11184
22.50402
19.57323
21.60186
20.29609
23.41263
22.56564
22.04415
22.97401
24.84054
20.87347
23.23213
25.03958
23.17073
21.63435
23.19469
23.13347
19.3053
23.99693
17.114
22.80021
21.2809
25.94922
23.16278
23.27049
23.25925
23.40124
21.63834
17.03018
26.96439
18.47731
24.57933
20.63644
19.55955
21.2388
24.55742
22.66961
24.75349
19.03842
21.99686
21.40207
22.45965
24.3876
21.68241
21.52868
26.86389
22.38169
20.23751
22.75312
24.90998
24.69652
21.63606
23.54048
23.19306
24.14647
22.38576
22.20987
25.60395
26.253
22.10606
21.98785
23.39334
23.5556
22.37152
24.18584
23.96504
23.16638
22.36811
19.86174
22.99235
21.63664
20.68762
22.74531
20.21948
16.51476
16.126
20.23714
24.4763
22.05733
21.17248
23.77285
25.93702
22.44387
23.75409
23.36599
26.04951
19.41814
26.85774
24.74783
23.47853
21.87999
21.80348
20.59297
22.59237
24.73259
24.03725
26.38733
18.78522
23.75675
24.85785
20.91921
23.67991
23.06384
24.55025
22.9997
21.32015
20.70039
25.16335
25.8975
21.99976
19.04141
25.06119
22.86469
25.90099
23.29007
18.09484
26.62185
26.81025
22.91179
20.94406
24.05825
19.1788
23.32337
22.39273
22.45564
24.19337
24.83024
21.14936
24.08211
25.59543
20.77632
20.895
21.21586
22.48958
22.02423
22.35004
18.82727
21.68463
23.7434
23.74062
21.43535
22.36586
24.16335
20.60135
21.22935
23.47884
21.37044
22.61459
20.20029
19.53073
25.16945
21.09967
25.14392
24.21966
23.03854
27.29978
23.16148
22.2152
26.83442
20.65997
20.62436
20.30365
23.22772
23.68589
20.41395
23.25321
25.08282
23.0703
24.98716
18.30555
24.53133
23.247
23.08094
24.14702
23.27302
22.97496
24.36826
21.22553
22.53067
25.74358
21.55574
24.89701
21.44512
23.48667
18.9327
21.82253
21.60404
24.70458
24.00563
22.82645
20.09023
19.96372
25.21516
20.93211
21.52201
22.72576
22.00438
22.30074
20.609
23.27367
26.6376
23.58635
21.72505
23.66101
26.03521
26.92017
23.25866
25.12264
26.3972
24.15058
23.69413
21.96069
22.13692
21.95362
23.09831
25.32669
23.97754
25.58435
26.45005
26.30909
23.17014
21.51436
26.56145
24.25244
24.4099
24.85214
23.41414
23.71202
20.65229
18.61133
22.00227
24.24802
20.72131
18.78051
23.32806
21.00662
23.81488
23.93588
23.90694
24.92354
23.07535
24.79269
23.85917
22.36566
24.80494
26.77822
24.72122
22.79438
21.57142
22.18499
22.63012
24.31906
24.02601
25.32282
23.46199
22.40521
15.98403
25.16074
22.91242
24.3391
25.7399
20.50082
24.18882
20.8305
21.79851
23.87267
22.12045
20.74361
22.10736
19.67989
25.15056
24.15573
21.48892
22.73564
24.78481
23.6959
23.56469
20.74736
21.37549
22.58952
21.88317
23.4649
26.33249
22.65738
22.88404
24.39312
24.48661
23.13258
25.86483
24.22848
23.87345
20.75319
25.74506
26.65005
23.18613
22.68178
23.86451
27.42704
22.41057
21.72922
23.22814
27.52538
20.79918
26.62295
26.55337
24.46567
22.35617
19.86098
23.46595
24.52559
22.32399
24.19218
24.21552
22.70854
21.96321
25.9693
26.99394
22.10157
24.03744
23.18238
21.41198
21.12482
25.42681
24.07434
26.67648
21.34106
24.58439
23.92149
25.66894
27.053
19.97878
21.55045
16.04787
21.92083
22.41163
26.80666
20.85242
22.58884
22.54984
23.1657
22.60967
21.7563
20.82819
24.36879
21.76929
22.29121
22.7579
24.31174
22.26098
25.33046
22.78888
21.82617
24.80122
23.12501
16.43191
24.57753
21.82143
21.91842
18.7661
20.74162
20.70562
23.65362
20.45857
21.83604
26.15069
19.39532
25.94447
23.53207
24.15695
23.59233
27.78088
23.8474
23.30957
23.78298
22.15695
23.66627
25.25893
22.54774
23.28028
20.43454
26.5014
22.25551
19.73047
21.70936
23.39537
26.14834
26.97428
24.41731
21.9319
23.3542
23.09756
24.13045
17.74288
24.91276
18.87466
26.316
23.66566
20.7977
23.3794
26.74079
22.64698
21.18136
23.35647
23.17244
25.85801
17.19824
24.46022
22.20194
25.86924
26.26401
22.31998
26.24314
26.28334
26.48041
23.92315
24.9863
21.61123
21.87496
24.48911
22.95527
25.199
24.67684
23.07114
20.94966
20.13651
23.89477
17.57661
24.56047
23.96375
19.98232
23.12626
23.80368
24.16507
21.25215
23.06529
26.90956
19.88162
20.19442
23.15309
22.25349
23.41626
19.32226
23.21799
25.74219
22.67409
21.05826
17.75353
24.79096
21.5393
22.8543
24.51159
23.85008
18.01686
21.08502
21.38944
22.27914
24.93942
21.35415
22.30952
21.08246
20.0191
19.83912
20.60256
23.84633
21.79075
23.12409
22.2361
26.15409
22.85167
23.57268
23.78352
23.58013
20.97079
24.15824
22.38106
26.19538
20.10502
21.23145
22.05453
23.88605
22.18617
20.47204
27.09268
25.89272
22.44736
26.12614
27.1032
23.80866
19.04953
25.11531
25.64413
26.79157
20.56449
19.30096
24.53375
22.80227
21.26416
26.31768
23.22009
19.20822
25.94651
26.7914
21.76816
23.59052
25.42463
18.26108
16.80258
23.25186
23.0997
20.5234
21.32464
26.5943
24.46931
21.31067
25.72903
23.25487
26.7671
25.57628
22.64323
24.36078
24.27337
27.25851
26.50871
25.36955
23.77037
21.49601
21.3807
23.09938
23.19416
20.73033
19.45166
22.15835
24.92626
24.81608
23.31022
22.92295
20.99017
27.39487
22.61635
20.71667
23.95393
21.62377
23.0846
23.06721
18.04053
22.95619
26.0697
24.50266
25.54352
26.71105
19.19924
23.74667
23.50809
23.97931
23.74955
24.79837
19.39441
20.30793
23.67209
21.05412
22.24699
24.71698
22.81377
22.91399
23.92116
24.64782
16.67485
21.36889
19.50791
27.13476
23.83021
23.74348
23.59297
21.57977
26.02182
20.39742
22.20287
22.89944
25.28083
20.70482
20.95599
21.37633
25.17189
22.07164
22.24079
20.6226
24.48227
22.444
23.10276
24.89763
25.71637
19.50488
23.25292
26.00629
22.36504
21.5102
26.84204
22.1249
23.58927
21.6684
24.503
25.49341
22.57002
19.40128
25.32785
23.41081
24.1405
25.77177
22.78332
22.83504
25.6786
19.07873
27.53745
24.56749
23.52478
21.6021
25.77493
22.42625
24.5586
16.28157
20.72134
23.62801
21.82338
25.07496
24.50614
22.94821
17.12256
21.7642
26.5605
20.73939
24.9711
27.0943
24.95213
22.38096
23.28116
22.22006
24.6534
21.06121
23.72416
20.69606
23.50714
25.43151
23.71452
25.24037
23.95844
21.11821
25.80131
24.21243
24.31215
17.81594
20.16698
21.49286
20.25261
18.60417
27.46309
22.54705
20.98277
23.45106
23.16912
26.23988
21.29735
23.11921
25.39362
22.57708
25.19113
20.13002
20.33733
23.29081
22.39247
21.95519
25.64237
24.37531
20.79628
21.42482
24.8256
23.79077
26.99145
23.85918
20.57953
24.01926
24.71584
22.47375
23.45756
23.92079
24.90366
22.13616
19.67807
19.07829
22.43128
22.5785
24.72588
23.73939
24.75333
17.08582
20.18088
23.44702
23.8277
24.48145
19.41672
15.94327
20.77227
25.65313
26.70133
26.8487
26.72247
24.46866
22.05182
23.38899
23.5716
20.09567
24.62812
24.6043
25.23961
21.44862
24.16422
25.59414
21.84977
21.41264
20.48692
20.73639
23.24866
19.31016
18.73099
19.77618
23.20559
26.69061
25.81664
23.28549
24.03616
21.76889
21.2006
24.15152
21.73803
21.89433
22.58267
23.4976
23.6436
22.77536
21.23623
22.76697
25.33546
22.42887
19.28065
21.9963
23.50354
20.35186
21.61001
23.27114
22.50159
21.76972
24.18944
20.36836
23.78423
23.43647
19.88652
24.70886
23.9781
21.04497
18.84138
24.99322
25.32281
25.65273
22.6112
26.02946
18.82246
22.79502
26.42165
24.84642
26.27618
25.17012
23.00051
22.05137
23.96518
23.20802
28.26804
23.87906
23.54625
19.93968
25.38989
16.56525
23.33272
22.2721
24.71187
24.34573
24.79733
22.91062
22.28221
24.43442
24.7291
24.36619
24.65735
24.16132
20.32275
20.74675
23.16171
21.43005
21.96352
24.38616
17.55944
22.92723
22.92487
22.04282
25.21345
22.11003
23.91538
22.26733
23.8049
21.26504
24.2537
19.66541
23.04968
25.36756
17.58614
23.20997
23.42789
23.61204
20.4387
23.81713
24.15212
18.0648
21.14023
24.38294
22.05151
22.71268
25.18366
27.13346
23.54244
19.17182
24.47163
23.98239
25.75851
26.34772
23.57171
26.39073
23.00469
24.22438
23.75081
21.46722
25.08715
22.65142
22.05807
21.72943
23.29849
22.84733
23.64654
21.74078
21.70691
24.32204
19.93157
24.41838
24.12488
22.76856
25.93845
23.11888
20.46675
20.09396
21.37349
21.19159
23.62004
26.0181
23.71355
20.19569
22.17235
23.27984
20.83765
20.64948
15.83837
18.25701
25.11038
20.77036
23.32425
22.67144
23.93784
27.82036
24.95648
25.56942
20.92102
24.87921
25.58426
19.54723
22.10942
23.72715
26.07992
26.52112
23.13151
21.43349
21.40482
21.22319
21.94098
22.35447
23.70687
27.40596
22.2391
24.1397
20.56704
22.87446
24.77579
25.74432
23.33664
25.72102
22.20562
24.59919
23.5008
23.96128
20.81707
19.47241
22.85881
19.88559
20.8794
21.13339
23.31775
24.05983
24.5397
22.40115
21.667
22.15992
21.0842
23.38282
23.11402
26.75863
24.33069
23.94556
19.75654
24.96661
23.29107
24.44088
21.54235
22.48169
23.16752
23.87229
23.18919
21.85336
20.69022
23.27351
23.6392
26.89715
24.52334
22.20456
21.2572
20.22142
21.55574
19.84388
24.2353
19.22649
21.12173
19.06516
24.93984
20.27396
23.26345
25.14181
17.63849
22.30572
24.23406
23.23283
23.70162
23.93535
18.78603
23.0991
19.68522
24.68019
21.76702
24.4391
26.08601
21.2958
25.42223
26.50473
18.79297
20.6464
23.96677
25.11277
23.05091
22.96947
23.30987
24.88743
23.61091
25.19178
22.80583
23.80913
24.77644
23.68768
24.67282
24.65969
25.47482
22.26051
22.52844
21.52271
23.86041
18.20116
21.31915
26.15053
18.80168
22.45846
22.71963
24.60025
17.85636
20.57469
21.00602
23.5408
24.02416
20.08858
21.51598
20.94602
24.86862
26.35944
22.83309
23.39623
19.97199
21.55199
22.89413
24.54872
22.74018
22.65163
23.83062
25.76986
27.17863
25.82474
25.95227
21.70634
21.39778
26.69694
24.60606
27.6497
23.45157
25.04573
24.02794
22.65685
18.3416
23.81289
27.4286
26.55906
22.29573
24.25359
21.6424
22.45383
23.79276
22.06984
22.53887
23.30362
22.74992
26.53802
24.26647
23.28435
23.88975
23.79864
19.11994
24.52163
23.42464
24.01281
22.31625
18.76817
24.42222
22.6587
23.02189
25.07029
22.07668
24.55992
20.61002
23.40382
23.0847
23.58545
23.53187
20.27209
23.69233
23.30275
22.90576
22.08787
24.89234
21.70881
20.0153
22.12552
18.98021
22.26726
21.61365
23.78035
25.10852
23.81447
22.98814
22.76997
23.07822
24.68872
21.84011
16.62758
21.10619
21.2115
25.20525
26.59723
22.41453
22.92443
22.90507
23.23401
22.39559
23.56254
18.08818
20.03188
23.74298
24.69211
20.54788
20.61398
22.25929
25.12908
22.04566
19.86015
21.24982
22.65499
20.72623
20.51811
23.63247
21.83075
19.19432
22.74562
24.24603
25.35264
22.06032
20.17722
22.47383
26.41739
26.36254
24.69234
21.75691
27.03337
25.78136
22.1434
21.03881
24.98704
19.17647
22.64544
20.50555
23.94891
25.40866
23.21774
24.03612
20.8611
22.64162
19.01816
22.42159
24.93615
26.20552
24.46081
18.89216
24.4177
24.9707
21.09973
19.42205
24.17069
22.01094
24.84296
20.52222
19.18571
23.54647
19.02975
16.36546
23.17183
17.59411
21.20969
24.21897
26.88155
26.4358
24.22672
24.82543
19.31384
22.13152
24.62678
24.57904
19.19326
24.01457
22.71489
22.85652
19.51766
24.31432
22.64511
24.91099
20.80331
22.30517
24.1079
20.44606
25.26209
25.00606
25.91927
24.63286
24.53131
22.48346
23.33491
20.64894
23.50097
21.40265
22.23894
22.7827
27.25701
21.54548
24.86484
26.83407
20.60841
24.23658
22.56169
24.88162
27.15157
20.45491
17.5521
24.41646
22.96257
22.79659
24.18841
23.07034
23.55109
25.97557
20.46691
20.39613
24.8442
21.79773
18.80557
21.6761
22.12299
23.83701
23.19639
21.38184
23.43998
22.22561
27.53775
22.72746
23.60986
23.55902
23.27436
23.56182
25.06867
23.96424
20.64404
19.06946
23.73032
19.05167
16.93406
24.25116
23.05121
23.61291
24.2542
25.20287
18.33135
23.74266
24.68379
26.84105
21.55189
24.48914
20.46387
20.95756
22.22766
21.63956
24.35151
22.82593
24.11109
20.69698
24.43452
23.7845
24.06198
22.56452
22.39935
23.67758
22.67031
21.3391
19.7078
27.54982
22.18994
20.58197
25.44215
23.41911
21.31107
23.34297
20.53874
21.94238
22.2685
20.52073
24.4905
23.46577
23.95731
21.7499
19.90261
26.82018
23.13623
24.86672
25.85373
19.58746
19.51229
24.2388
22.9739
21.23913
25.02341
23.08119
24.66418
20.40918
25.95457
22.26063
24.18154
24.31786
25.21321
26.2543
22.33611
22.95607
27.44636
26.59477
23.41197
22.62801
26.5635
24.07604
23.77597
18.22311
23.64426
22.522
24.14538
24.9476
25.18697
23.93446
20.78339
22.53076
22.75148
24.51741
21.47053
26.09735
20.92987
25.01928
20.3637
20.25249
25.51472
28.50269
20.54944
22.26019
21.05009
18.06101
20.96089
21.30926
22.67038
24.56826
21.40527
23.67162
23.17147
19.37544
22.83562
25.79515
21.04577
26.35627
24.94409
19.59116
19.75746
22.92429
24.4638
22.52453
25.23249
23.19672
25.75117
18.95672
22.31903
23.88794
26.47946
26.43722
23.91293
19.64356
24.04666
25.35757
21.52946
23.7023
22.3078
19.06678
27.22198
19.1696
26.35609
26.0393
18.29156
26.64408
24.26603
22.23602
24.07103
20.18023
19.77567
22.90187
22.92591
20.42727
24.7263
25.61358
24.25424
19.54467
23.66556
25.47977
23.23624
22.17825
27.97
23.17637
24.62563
24.37068
23.85458
21.785
24.3621
22.44305
18.79503
22.98336
20.21972
23.24805
21.97069
25.55788
24.25066
22.11534
23.17141
18.46942
20.6262
26.32809
24.4725
24.31921
24.11043
25.87195
24.19816
23.60925
23.01431
20.71
21.15021
20.78919
21.40672
26.30796
26.28209
20.03982
20.54193
22.1786
21.10749
22.05738
23.64676
22.88914
20.73584
21.59818
26.96868
22.96394
22.16593
22.62728
20.75977
22.81994
24.19773
25.88168
25.2347
25.67701
20.00308
17.5165
21.73495
19.61012
18.97646
22.31266
24.77588
22.94848
22.81328
25.73639
23.07414
24.41053
24.6475
25.545
26.81999
26.12384
26.10983
24.59349
19.65293
21.67688
23.23187
21.6141
27.2808
21.87571
26.69503
20.02165
24.19919
23.50821
23.66293
20.88509
23.6693
23.06322
21.89221
26.521
19.39599
20.84214
25.57166
22.98217
18.08686
23.70717
23.02456
26.12755
21.8589
23.0602
20.96805
16.72534
20.03227
20.10591
21.22586
20.48286
23.42261
23.17584
25.86819
23.42565
23.65053
25.10487
23.57148
24.1258
23.02657
25.17589
20.69196
20.96716
22.12766
17.88425
19.62056
23.0851
26.49534
24.16233
22.22945
21.51485
18.96327
22.00222
24.52992
18.37014
23.77971
21.38399
22.1414
26.41002
23.41151
18.25943
22.88855
24.1384
21.59341
24.63139
23.83194
23.26289
23.66167
21.50654
21.96404
25.48658
20.41054
23.41304
19.64962
24.913
19.49876
22.35768
18.31134
26.63712
16.29119
23.67959
26.30594
22.87783
21.01278
21.52248
26.11373
25.63912
26.13754
18.41532
17.39383
22.8762
23.0033
22.02148
26.23401
22.32895
20.36093
21.06517
25.44773
20.42085
26.98014
25.36557
22.39002
23.64369
25.36266
24.58259
22.2245
23.2302
19.43163
25.37887
24.92833
25.4807
24.69997
25.12859
21.64795
21.98286
24.36232
23.34694
22.11061
19.27474
24.04012
22.41924
26.13696
19.7559
21.93052
21.95423
18.38087
24.55342
26.01599
22.44168
22.08878
24.30394
20.39075
22.06109
19.80461
22.62516
25.05423
22.3746
19.31082
20.92786
22.08149
20.16972
26.92689
22.12132
23.63926
24.36676
22.02989
19.89451
23.39067
19.45158
22.20657
23.68612
21.14191
22.56397
25.91847
21.99771
20.26818
20.89339
22.88871
24.97383
23.46506
24.65774
21.15443
23.41504
19.36971
24.60379
18.37312
25.79488
19.54467
23.41782
27.20707
22.87388
22.36804
20.80947
23.4104
24.44644
21.46794
22.20685
19.78522
22.35797
24.94821
19.43615
24.09204
24.91779
23.48076
22.32293
20.45257
23.41117
26.72781
24.46077
22.69088
24.37793
19.644
23.46556
25.3683
24.90453
19.81461
20.37628
22.68275
19.91224
23.47851
26.7181
23.18902
25.18297
23.34111
21.86359
24.00593
17.05664
20.02041
19.07658
19.32328
25.60941
24.39635
22.54134
22.15252
20.68468
22.13723
21.58981
23.43671
24.33873
23.29801
26.75394
24.90754
22.0211
25.04762
23.97445
24.4754
23.81945
22.62451
17.56754
23.90761
20.08637
25.96624
20.77539
21.34764
25.66481
19.9292
23.51971
23.68534
24.72119
20.53554
22.38467
24.44461
23.33175
21.31037
24.88144
19.79376
22.94448
23.39211
25.30012
20.63576
23.60136
26.84183
26.8446
23.34371
23.20144
24.70127
25.57655
23.01226
24.08373
25.21759
23.04285
23.50443
21.07998
23.30907
24.39806
22.30962
22.40132
20.27822
24.1436
23.48685
24.54527
23.27353
20.73704
21.20666
23.91059
24.04116
24.46088
22.23355
23.2563
21.45325
16.72224
20.22387
26.34061
22.78027
25.62905
20.43393
23.30739
25.34727
23.28321
24.74663
22.65124
26.08139
22.50148
24.41721
20.32435
21.09183
18.76132
23.16588
21.0819
21.97985
25.50899
21.04238
23.13156
26.20072
20.76513
18.94322
23.70088
23.31752
22.30587
19.16117
22.70309
22.73535
21.54721
23.30555
21.48256
25.38298
24.15026
23.22498
21.13563
20.2129
19.43096
19.35858
23.26823
23.84081
23.26073
23.54491
22.62897
22.9374
21.95371
25.8864
18.79019
23.01134
22.4009
25.19258
24.36036
24.11114
20.26241
21.4408
25.02163
21.60045
26.43265
24.07082
19.73805
24.68874
23.73641
20.21519
24.63283
24.68798
19.13248
25.04417
23.64046
19.33499
24.51292
20.8082
23.12536
21.10717
26.1755
22.25378
25.1598
25.24717
27.03717
22.58611
24.8595
24.61297
25.18597
23.86865
24.81772
22.44748
23.47863
26.36297
23.41713
20.50686
26.09928
16.11633
23.12421
20.82857
25.21588
22.71264
20.59544
26.30316
23.23259
24.20796
24.79791
23.14664
20.97274
20.67978
22.09318
22.60434
20.10888
21.93601
27.05775
23.21442
21.29243
22.38091
27.37907
23.61942
23.10072
22.59103
25.22818
20.8805
18.88236
22.5915
22.77031
25.27931
23.51238
24.22542
18.98332
19.46994
21.66938
26.6538
20.24947
23.70991
20.9105
26.19791
25.36467
23.3491
27.71883
24.0288
20.39542
18.7034
23.83635
27.33611
24.56016
24.55313
21.04313
23.58258
23.7888
24.2258
21.25195
21.01177
19.86402
18.34509
20.92131
21.02936
23.07504
22.80695
21.31453
22.80676
21.88115
23.7242
23.04147
18.38361
20.23208
25.20181
24.35705
26.12091
24.14365
23.77135
25.25894
23.87846
20.6392
22.27123
25.41837
25.36856
27.83056
18.6756
24.21356
21.99292
25.49859
26.34716
24.96512
23.19292
22.00755
24.88979
22.94997
24.53854
23.37977
21.54057
22.2148
21.76299
24.92987
22.66433
17.74993
20.19001
22.14142
22.27113
24.23272
23.49902
25.43844
21.38851
19.95847
23.91592
25.89217
20.53137
25.51357
23.65395
26.13648
26.89868
20.33671
25.34347
20.1129
22.06516
21.34248
24.58527
17.63113
21.53139
27.00788
20.10506
19.81791
24.38464
24.29231
25.81125
23.54645
23.74844
23.75174
21.5045
25.96374
24.60004
23.83555
26.45951
27.59413
26.59116
21.32905
22.75374
22.42847
23.02726
22.64828
24.12717
23.67623
25.30201
23.36859
19.95134
27.1882
24.35705
22.6347
22.94198
24.68226
26.08784
23.04396
25.4215
25.3681
23.35852
20.64129
24.50531
21.67161
21.56512
22.20387
23.87612
23.5795
24.24727
26.81907
24.79933
25.45361
21.13642
24.53115
21.25676
26.2968
26.01245
20.01497
20.77597
24.76615
21.64418
17.50806
21.13527
22.37351
21.18283
24.22659
20.64193
19.89645
24.89636
23.88027
24.09737
17.23505
20.09101
25.45372
20.47216
26.03007
27.02851
23.47384
21.37533
24.08742
23.5035
24.97029
22.84764
24.26392
20.544
20.37704
24.03305
20.65759
22.14466
26.9968
21.22337
26.86236
23.29373
20.96298
23.42469
26.22019
21.11685
16.07099
21.29885
23.11178
22.86917
25.24596
24.39772
22.65477
22.17594
27.48466
22.31423
23.34735
24.57327
25.69863
16.42175
18.91329
20.39815
22.79912
24.0912
19.98579
20.86062
22.71995
21.97568
21.06564
21.25499
21.16907
20.05293
24.52012
23.35963
26.32663
23.41653
21.16949
23.77217
23.36635
24.31537
26.40144
25.54691
24.80956
24.28118
26.35002
22.89752
24.34344
20.51549
25.38385
22.59394
22.5104
24.60364
22.33052
22.93939
21.09735
24.59499
24.15303
24.78688
21.4099
27.16444
21.62084
26.37364
24.6479
19.2755
20.95967
20.89341
21.42935
22.55779
18.86571
22.44494
24.66848
24.03776
22.29233
20.9578
26.2668
26.28882
24.40984
19.35162
23.09189
22.07317
20.14732
25.56914
25.0157
26.46838
23.17724
24.69766
23.65455
24.08714
22.09824
21.8095
22.85091
26.07042
24.56678
21.27424
23.39464
22.57725
22.03464
26.70213
22.47711
21.61382
23.75016
24.66698
18.79725
21.41323
23.50932
22.94036
23.14339
24.42582
24.6096
27.13999
20.69278
22.01826
23.81106
27.56088
22.47343
20.83088
22.07046
26.8956
20.8718
22.05395
21.78732
24.20666
23.59175
22.96917
22.82311
21.17709
23.10131
25.61923
21.72082
19.84663
23.81611
22.17149
26.49844
23.47552
24.38299
20.11605
21.96894
25.99453
21.88441
21.7931
25.16527
23.33219
23.81642
19.9841
22.5766
19.34927
23.31752
23.50906
21.61146
20.52546
26.18623
22.27059
25.22335
25.90767
24.41114
26.47061
23.74127
26.27073
22.36013
23.94483
21.14107
21.6809
19.22529
19.71633
23.01346
26.896
22.6257
20.19811
16.60078
23.88891
23.3284
23.62923
24.22668
23.80054
26.56807
16.7992
18.72549
22.42847
25.47084
19.33409
25.31082
26.56624
23.9747
26.30071
22.02245
23.1872
24.85476
23.78931
21.82479
23.61988
26.02971
25.16463
20.69916
25.45811
24.85244
17.47583
21.30797
22.09078
24.7151
17.57783
20.7658
19.6729
23.95764
20.09309
22.8834
24.45797
22.01315
24.05932
23.13108
22.04394
22.5391
24.65171
24.08886
23.10842
23.93422
20.3219
22.89051
22.31048
23.8068
23.48726
20.95683
23.30236
21.24779
22.06342
21.66774
22.58882
22.27137
25.28721
25.25413
20.16637
21.98806
20.22122
20.56481
26.44384
23.09983
20.41831
20.87912
25.33546
25.9504
26.18899
23.11894
19.01837
25.88856
27.43772
24.95653
22.07495
20.45856
23.27139
22.60132
22.80912
26.74501
23.85823
22.54866
24.73323
21.46959
19.90862
21.83233
20.94556
24.18516
26.03902
23.99428
26.35367
23.99076
23.49071
22.16639
22.96695
23.41019
22.29538
21.86002
26.37583
19.62408
24.56464
23.15487
23.25641
20.93209
25.07292
21.99304
26.2006
23.31245
24.56806
21.08151
19.99406
22.23917
25.35557
23.73863
20.4068
19.49405
20.93506
22.99839
23.56798
25.02322
22.91214
27.13582
24.07246
20.23897
22.46518
25.33727
21.2893
21.8586
22.83901
27.11594
26.26962
20.50682
21.26443
25.61551
23.92923
22.66319
25.68415
24.60751
24.66117
20.64158
24.91419
23.5291
22.76492
23.01115
22.95124
23.2925
20.26526
26.58877
21.09846
23.07731
19.24525
19.36648
23.43555
21.76626
23.66669
23.8388
21.47473
24.4856
24.11543
25.14848
26.77261
22.13835
24.86363
24.82915
22.60158
24.35297
22.9279
20.85814
26.51744
25.5981
21.71991
23.88607
26.45167
23.20097
25.40444
18.00798
21.02303
25.45877
20.54493
19.73107
23.96058
23.54617
21.04003
20.57223
24.07799
20.50087
19.6799
21.26238
21.72789
19.57445
25.51352
24.48691
23.09841
24.38322
20.57816
24.30929
20.57604
25.34457
23.28641
23.30113
24.43923
21.25721
20.41615
24.3932
17.93879
23.7256
16.35345
20.12754
24.72375
20.24141
19.78009
20.05731
22.58301
22.4301
24.22044
21.15994
20.60414
22.80293
21.0177
25.90571
22.41511
23.85794
23.73748
23.11417
22.25956
23.06254
24.48895
20.74468
20.20229
20.57708
23.49992
23.07933
24.09801
23.2553
20.76785
22.21521
22.9505
24.2998
19.19696
23.57792
24.9848
22.82691
22.00195
26.41382
24.63017
27.03583
17.61954
19.71609
22.48195
23.24761
21.39781
22.90512
20.34305
19.52103
23.39656
23.33353
20.31609
23.84336
20.55913
20.64838
25.27494
22.61975
21.71186
19.38594
22.14627
24.08218
19.67274
23.91745
25.71194
23.25649
25.25738
25.20958
24.22073
20.97991
26.41635
23.44042
23.65206
21.53671
23.01442
23.19348
19.55054
19.20805
23.94995
26.08889
22.4212
25.59508
25.14247
27.07345
20.72616
22.35532
22.86544
24.15815
20.69315
22.50276
20.81563
21.93832
23.14533
22.9197
22.03363
24.38866
26.7719
18.86975
20.40387
26.03992
26.96965
20.97026
26.20027
20.96374
18.30448
24.24115
20.7551
23.93668
22.77554
22.42461
25.13044
16.08372
23.51756
26.66768
22.80521
26.81027
26.32177
17.86715
16.73959
23.03917
23.46257
18.10197
20.50362
20.44424
22.05561
27.00801
22.91199
26.55178
25.83492
23.29934
19.34135
23.26724
26.67959
21.66669
22.66258
25.69025
20.96634
23.01916
20.40346
24.65878
21.55106
25.30202
24.55887
21.53636
20.2137
26.44316
18.53399
23.08903
24.43454
23.7219
24.71612
23.97415
23.98404
25.0304
23.92287
23.96199
23.41652
24.82417
23.45758
22.9548
23.82527
18.47907
21.54466
26.90395
24.39937
22.76475
23.10434
23.53516
23.78695
25.40027
21.17678
18.64584
23.10886
20.82886
26.5165
22.48602
20.82678
24.40827
27.25109
23.1816
19.52498
23.9127
24.72721
24.29441
24.98356
25.83021
22.45527
26.43767
23.60565
27.53271
23.33064
21.58923
24.44539
21.7059
23.76705
18.20058
24.57585
25.00696
20.8147
22.06663
25.59241
21.60538
23.75793
21.8795
24.54029
27.02429
22.66937
22.70468
25.92585
20.28845
24.54486
23.29344
15.9728
21.44582
22.2524
21.3167
23.15387
24.88475
23.07392
21.59448
24.86194
25.84079
25.57108
22.26161
22.75058
15.16468
24.00549
24.10446
23.10794
21.40775
25.8392
22.27934
23.77549
23.54737
20.81754
26.57287
18.16779
25.06566
23.38672
19.28678
17.66473
23.82704
21.01124
21.35167
22.60735
22.44342
24.42066
20.32613
23.40522
24.96784
23.19742
23.55962
22.68645
21.75497
22.28437
21.1566
24.29513
24.07512
22.69876
21.31226
22.91178
22.62621
27.28902
23.882
20.664
25.29943
24.03199
20.25226
24.23755
20.82122
20.82006
25.39495
26.34256
26.36105
21.17356
24.95347
24.52078
25.53586
24.30847
16.80779
20.75004
25.42568
22.57714
24.43074
22.86451
21.68669
23.82879
24.55345
25.49817
24.57214
21.45885
24.0742
26.65055
20.10477
24.00408
19.63471
20.25794
21.0563
24.22813
24.56723
21.60062
22.23947
24.76233
25.39601
22.15123
23.76156
24.48259
21.74356
23.40534
22.77899
24.85555
21.89699
22.67499
16.08798
22.71864
22.15362
26.27856
24.96733
24.7315
16.63168
23.98729
25.05679
22.45835
22.45594
22.55695
23.44512
23.86687
25.37355
21.46826
22.18843
25.95865
25.68666
21.44297
20.29522
23.24304
25.40512
23.94735
24.85011
21.4228
21.8529
22.26084
23.16984
22.56325
20.17507
25.60169
26.52171
21.89806
22.25326
23.60872
21.33321
21.2357
22.24035
22.70843
25.00976
22.80083
24.9367
19.14001
22.9683
21.24841
22.33258
24.02459
24.2724
22.28108
16.99102
24.28849
21.01708
22.95867
26.04156
20.24711
24.25066
20.86648
23.91914
24.7177
23.66121
21.67611
20.75212
24.09858
15.37684
23.75519
27.30004
17.39797
21.0619
21.06948
25.4911
23.25161
19.31366
25.06509
19.70377
19.97061
23.79957
20.6842
21.37057
23.85768
23.88396
23.2527
24.14678
22.1712
24.80877
25.16164
22.9253
27.29511
24.18783
26.28896
21.86253
24.08346
20.68296
19.7895
23.73354
22.2696
26.36441
22.74716
23.72758
25.56009
25.45314
22.9004
20.29346
23.29385
20.80911
16.14884
23.01409
21.51589
20.62391
20.70445
25.52927
25.88458
23.33496
21.70509
25.40072
24.7667
23.96318
21.61315
21.56587
23.81247
21.62468
24.65993
23.42959
22.3719
23.12519
24.80018
24.94203
19.26146
21.71412
23.8823
24.622
23.79679
24.59053
25.9743
23.67164
23.80667
24.63636
19.49419
18.75737
22.55
25.81318
24.91516
26.7518
21.60287
22.72241
25.4845
19.31867
17.57072
25.39175
23.79002
24.68659
22.59919
19.52375
23.10614
17.7005
27.46368
20.40239
19.38024
25.06337
23.9688
23.84033
24.2611
26.47204
24.93771
27.26507
22.90554
21.23221
18.95844
25.60273
20.63752
23.39743
20.82717
21.8233
22.92033
19.16038
20.93964
18.72874
15.88414
17.61493
25.94205
20.59355
22.94336
20.4307
24.39283
20.96425
20.42736
25.67028
22.69429
26.43869
21.32646
16.98169
25.96827
23.40483
23.53586
23.19245
25.9188
23.66952
19.50754
25.87952
22.9126
21.36529
20.4386
15.96012
22.2356
21.69292
23.38586
24.24224
25.122
16.21038
22.58304
25.17237
26.02298
24.40623
22.30858
23.3682
23.50136
23.35402
26.4439
25.20735
23.99192
23.61664
23.11163
22.58763
25.64606
23.65615
23.08189
23.16221
20.74704
20.8368
24.21047
20.50024
23.05771
22.93006
20.00236
23.5547
23.40256
25.6966
23.98115
27.33034
22.12682
21.39361
20.05713
17.59216
22.93756
21.73006
19.45021
24.64909
22.6775
22.78417
23.66774
20.78245
22.49385
25.25037
19.31105
21.17021
24.19522
23.43378
22.29039
18.95478
21.4612
21.00235
22.35114
22.41254
20.64385
21.22939
22.37979
22.453
24.61517
25.71922
21.00728
26.44737
25.3842
21.46621
24.3283
15.96301
21.72414
22.50475
22.45393
22.19431
23.59014
21.24157
20.39414
22.1922
22.43815
22.38205
23.86508
25.06502
19.79172
21.13127
18.79268
23.50813
23.36058
21.45079
21.34241
23.57829
22.04609
20.21861
23.14228
24.09272
23.87901
26.741
23.83945
25.91127
23.4945
24.01083
26.95676
26.45405
26.06271
25.13741
21.85705
21.04818
21.77633
20.96005
21.10155
24.32874
21.71029
20.41277
17.89423
24.41186
22.46701
27.69794
20.79164
25.58554
21.85178
22.98297
22.23879
24.7214
22.95815
26.1353
25.33487
23.69993
23.99156
20.54492
24.36142
23.60296
21.07182
16.92068
19.95833
23.2247
18.04457
21.54506
24.31592
27.43479
25.05034
23.07323
23.46151
23.5582
21.935
23.25993
20.62234
22.87965
21.29092
20.87196
25.5345
23.64892
23.53178
24.14116
24.31479
20.41765
20.24773
21.9635
25.33782
20.42231
19.79024
22.7692
19.6375
24.12597
24.30523
17.35159
22.18018
23.49157
23.19841
21.33579
22.05939
23.41018
19.47073
25.44139
26.2722
24.33359
24.65929
23.66645
25.08807
24.24955
24.58794
19.75845
26.80629
24.90913
25.15438
22.56814
24.56441
25.94894
23.63093
24.47623
22.16317
23.72357
23.96343
25.72733
22.48307
21.23924
20.68219
22.56309
26.13473
22.43953
23.28022
23.49597
23.52391
24.60753
23.4744
21.5337
23.4999
24.49113
24.25505
21.15208
21.77277
26.28558
25.43223
25.8975
22.61658
27.41436
23.42256
25.97862
19.92302
20.53624
24.01878
23.86979
23.4986
22.3174
24.24098
23.29706
24.65257
21.46285
21.25519
24.453
23.77228
24.22885
23.84239
24.11313
22.515
25.97355
21.23158
24.04168
23.88911
22.41689
20.93152
20.53928
23.79483
22.20487
24.92787
21.49004
22.25931
23.71096
20.80574
23.17281
23.23471
21.99413
21.57223
25.94448
21.25367
21.7337
24.48538
20.9705
21.98345
22.08178
24.16429
23.32208
22.75015
24.43374
18.8716
24.68954
25.76803
23.17825
20.85678
21.32519
24.21578
23.26173
22.76952
22.7088
26.84808
18.8402
23.36031
16.56115
26.26476
15.90464
26.88738
22.13132
26.41003
20.79993
26.23842
18.23305
26.22897
24.16642
22.92815
24.13796
21.43167
25.28724
24.23137
24.20373
23.76032
23.57469
22.30026
23.89098
25.50234
24.31852
20.91871
27.02881
20.36116
25.33539
22.13804
21.38959
18.53737
23.24297
23.17652
21.61848
21.15142
18.35611
20.52754
25.0074
21.36608
24.53164
18.48861
21.04034
22.9417
23.794
20.50336
23.86601
24.47213
18.99585
24.67641
26.31388
24.08232
17.81049
22.44827
23.27973
22.43845
20.47174
22.89608
20.90124
21.06238
27.13646
24.19135
21.22281
21.08879
25.99941
21.74674
22.23659
15.53832
21.57707
26.46573
