24.6
34.3
31.3
35.7
23
29.4
28.7
24.7
32.9
23.5
28.9
31.3
33.6
31.6
32.3
26.4
31.3
32.8
29.1
27.9
29.3
29.5
33
28.1
28
31.3
32.3
31.8
35.1
32
29
34.5
30.2
34.7
29.3
36.6
30.4
23.5
26.4
32.7
31.9
32.8
28.1
33
31.6
35.1
27.5
30.4
27.3
31.3
25.3
28.2
25.2
27.6
29.7
30.6
34
32.7
26
26
25.7
23.4
30.3
31.7
33.3
24.8
30
28.9
26.1
26.4
26.1
29.3
28.7
29.1
31
27.2
25
30.2
34.4
27.9
36.9
32.8
28.9
32.6
34.4
28.4
30.3
30.2
30.8
29.6
29.4
26.1
33.5
26.4
28.4
26.6
26.1
32.4
27.9
30.2
29.4
31.7
33.7
29.9
30.6
35.1
31.7
30.8
29.8
26.8
27.3
29.7
31.4
29.2
29.6
31.2
30.6
26.9
35.2
27.9
34.5
27.1
31.4
35.8
25.9
32.4
34.8
29.9
26.5
25
34.5
30.4
28.4
28.4
28.7
24.8
34.9
33.2
31.1
29.5
32.2
33.1
33
27.3
27.5
31.9
27.5
30.1
28.7
34.9
33.3
34.5
26.3
30.3
34.8
29.1
34.9
28.2
23.7
26.6
34.2
29
36.2
29.6
35.9
36.2
33.2
27.9
25.6
31.7
25.3
35.1
30.9
27.3
24.6
31
34.1
34.9
29.3
30.3
29.7
31.1
28.9
29.1
29.7
29.8
30
28.1
33.9
33.3
27.2
28.6
31.9
29.4
26.1
34.8
33.1
25.3
32.8
31.6
26.2
29.3
32
23.3
29.5
26.3
28.4
27.5
27.6
29.5
30
34.6
29.2
29.3
29
27.6
35.1
25.9
29.8
32.9
33.3
26.6
28
30
29.3
27.6
25.9
30.2
32.9
31
34.2
33
17.4
34.7
30.6
28.2
29.3
31.5
27.4
36
27
35
30.9
32.8
34.9
34.7
31.1
25.5
30.3
26.8
29.4
29.5
31.3
38.3
26.7
34.5
30.5
30.4
31
29.7
32.9
33.5
27.5
29.7
33.2
31.6
29.2
29.8
32.2
31.9
31.3
31.7
29.1
33.8
25.9
32.9
29.5
32.5
27.8
30.5
30.5
30
27.6
29.1
28.2
33.9
24.4
30.7
28.7
28.6
26.3
29.4
34.9
31
27
29.4
27.7
32.6
27.1
26.7
36.5
33
31.3
28.9
34.9
31.1
31.9
31.7
25.9
33.7
26.7
28
28
31.8
24.1
28.4
29.1
28.3
27.8
29
27.7
33.6
31.2
30.6
31.4
33.7
30.8
33.3
33.2
35
23.6
25.3
30.5
24.9
26.7
30.5
35.5
30.7
27.7
27.7
32.2
33.3
23.5
30.1
31.3
31.9
35.2
30.3
34.1
31.1
24.1
32.7
36.8
35.6
31.4
28.3
32.7
27.9
28.6
34.9
29.6
23.8
36.7
32.2
24.7
33.3
34
33.8
30.3
30
28
32.4
23.9
36.6
29.7
25.5
29.8
30.4
28.6
34.6
25
30.9
24.8
32.4
32.8
28.2
23.9
33.2
24.4
34.1
30.2
31.3
28.2
27.3
28.3
33.5
31.7
32.1
24.5
25.7
31.1
34.2
33.8
29.4
28.4
32.7
29.9
33.8
33.2
25.8
34.1
33.1
25.2
30.2
33
30.1
29.5
30.8
25.3
30.7
32.6
34.4
32.3
33.9
31.7
28.9
29.8
29.2
37
31.6
31.2
29.7
20.8
34.1
36.5
31
27.4
32.5
28.9
34.3
35.7
30.7
34.3
33.8
26.5
34.7
35.6
23.8
34.2
28
33.4
30.7
33.1
32.1
29.2
28
33.8
33.7
29.6
32
32.5
23.9
28
34.9
27.8
32.3
33.5
28.8
33.3
28.4
32.2
29
29.9
34.3
27.3
30.5
26.6
35.6
26.5
27.6
27.3
31
29.6
34.4
34.4
26.2
30.2
27
26.5
29.5
31.4
31.3
29.1
32.9
33.5
34.6
29.2
29.2
35.4
30
30.2
27
24
33.1
27.4
29.9
25.6
31.3
35.2
25.1
31.3
32.9
35.2
26.9
28.2
34.9
28.9
30.9
26.7
29.6
34.4
31.1
30.4
30.6
29.3
28.5
33.6
30.6
29.6
26.3
33
35
27.6
31
27.6
28.6
32.3
25.4
30.8
30.4
29.4
31.2
32.5
25.2
33.6
28.8
30.3
30.5
34.7
35.6
35
20.7
31.4
33.9
32.9
32.2
28.4
29.1
31.7
29.6
31.5
33.2
28.4
27.9
32.5
33.1
24.3
31.5
24.1
28.4
38.7
22.8
30.9
30.6
29.2
33.3
23.9
31.2
24.5
27.1
31.5
31.1
27.6
27.8
31.2
31
25.9
29.6
31.2
33.1
30.7
35.2
32.8
27.6
33.8
30.7
23.8
34.5
35.3
31.6
30.1
32.6
31.3
26.8
26.1
29.5
30.8
34.6
32.6
32.2
27.6
33.5
29.8
32.5
32.6
25.5
25.1
28.5
31.4
34.5
34.4
30.5
26.1
31.1
33.9
34.4
30.4
24.7
29.2
27.3
36.2
29.2
32.4
34.5
30.5
30.8
26.2
35.2
29.4
29.8
30
29.3
28.5
27.1
29.5
33.1
22
25.8
31.3
30.2
32.8
28.4
28.8
32.6
24.1
32.7
29.1
35.5
30.1
30.7
26.7
34.5
31.9
34.7
25
29
29.7
24.9
29.3
32.4
32.8
29.1
32.1
24.9
29.6
31.3
33.3
27.7
25
32.7
31.9
29.5
28.9
28.6
32.6
29.9
29.1
28.8
28.2
30.7
28.6
34.3
34.6
32.1
29.6
24.8
26.2
32.9
31.1
32.3
31.3
32.9
26.1
29.2
25
33.5
31.5
30.9
26
32.1
29.8
33.4
28.2
30.5
37.5
31.3
25.2
26.5
27.4
33.2
30.2
24.9
27.5
32.2
35
23
29.8
27.6
26.3
32.2
29.4
28.8
31.6
33.1
33.3
31.4
30.3
30.1
31.4
26.1
26.5
27
30.5
29.5
32.9
32.8
31.3
32.9
33.8
32.1
33.9
33.3
29.4
29.2
34.2
31.6
31.6
25.5
28.1
30.3
28.9
28.9
34.8
32.5
32.6
22.8
31.2
32.8
25.7
34.8
35.6
28.2
27.8
25.3
28
32.5
32.7
30.2
33.3
34.4
29.3
29.3
31.5
30.3
30.7
36.1
27.8
32
27.8
24.8
29.9
31.7
30.1
26.6
27.2
31.7
34.6
25.5
29.8
27.1
25.8
29.3
29.7
31.1
33.9
29
26.8
25.4
30.6
29.8
28.1
29.2
34.2
31.9
28.6
28.4
25.8
29.9
32.8
32.9
29.9
24.2
29.8
27
32.9
34
28.2
30.8
26.3
28
30.6
29.1
30.8
31.6
31.3
33.6
28.3
26.2
33.7
28.2
34.7
33.4
31.3
32.1
25.2
32.6
23.7
31.1
24.3
30.2
29.4
33.2
31.5
32.8
29.7
30.7
36.1
29.7
31.7
36.7
28.7
24.2
34.2
27.1
32.1
32.1
33.3
27.9
34.7
26.8
28.9
28.1
32.3
33.2
22.3
25.8
32.6
30.4
31.6
34.3
28.5
30.2
32.8
31
33.8
29.9
25.5
35.2
28.1
32.2
32.6
33.7
32.1
29
36.9
31.7
31
36.2
26.6
28.4
32.2
25.2
29.3
36.1
35.9
31.2
32.8
24.3
34.9
34.3
29.4
34.4
32.6
31.2
31.8
23.6
36.7
36.9
31.7
33.9
32.7
30.5
24.3
27.4
25.4
29.6
30.2
34.4
30.6
34.4
31.4
28.8
31.6
33.2
33.5
35.2
31
30.3
28.1
32
26.8
29.7
33.1
29.6
22.2
30.7
30.2
36.2
26.9
31.6
29.8
34.1
32.5
32.7
30.3
28.7
28.4
32.9
30.8
33.8
33.4
30.1
30.7
28.2
26.1
33.4
34.5
31.8
29.9
31.4
30.5
35.9
30.7
31.9
31.1
26.3
27.4
28.2
30
29.6
28.7
26.3
28.5
28.8
29.9
31.6
26.8
31.5
27.9
24.1
33.2
34.2
25.2
34.6
31.6
29.9
28.2
27.9
30
31.3
33.4
34.9
28.9
28.1
28.6
24.3
28.1
32.5
33.4
35.3
31.1
27.7
24.5
34
23.6
32.7
32.3
25.2
24.4
32.2
25.6
23.9
26.3
24.3
33.3
26.5
30.2
32.2
27.6
28.8
29.7
33.1
26.9
27.3
33.1
34.5
35.7
29.9
28.8
27.9
30.5
29.9
23.9
23.4
35.2
30.8
31.8
34
25.6
33.8
24.8
32
31.5
30
29.2
23.8
24.3
28
34.7
32.3
32.2
29.6
29.4
30.6
28.1
29.2
30.6
25.8
27
23.6
28.3
28.8
30
34
31
31.4
33.8
29.7
29
27.2
34.9
29
28.7
29.6
29.6
28
26.9
32.9
26
32.5
32
30.2
32.8
33.9
32.4
32.8
31.6
30.9
34.7
25.7
29.3
31.4
30.7
34.5
24
26.7
35.1
34.9
31.5
34.1
34.4
23.7
27
32.4
33.5
21
30
30.8
31.1
37.4
25.2
32.3
25
27.1
25.9
35.4
37.1
34.8
34.8
27.5
24.8
27.3
30.5
32
31.5
30.2
29.8
27.9
32.4
32.2
23.2
25.2
26
29.4
24.1
33.4
30.3
33.8
34.9
34.1
32.9
32.1
28.7
24.6
29.9
34.9
21.1
35
31.2
30.7
29.4
29.3
29.3
31.9
36.6
28
30.6
27.6
33.4
26.5
32.3
32.3
34.1
31.2
29.9
32.9
29
31.1
33
30
31
25.5
34
22.1
29.7
30.4
32.1
34.9
28.7
35.5
27.6
30.8
33
27.9
31.6
29.1
25.2
30.8
33.9
29.6
31.3
28.3
26.1
27.7
29
29.9
26.8
29.9
28.8
26.5
26.1
28.8
31.1
30.9
32.1
31.8
27.1
25.5
29.3
31.5
30.4
33
35.3
29.9
24.4
33.6
28.1
33.6
31.3
28.4
34.9
28.1
25
32.9
30.7
33.3
33.7
30.3
29.2
27.1
35
35.6
24.8
31.8
24.2
31.8
29.6
31.2
35.1
24.5
28.3
24.9
30.9
31.2
28.9
31.2
29.8
24.4
31
30.4
32.1
32.1
26.7
33.9
24.4
29.9
29.8
29.5
28.3
25
32.5
24.7
34.8
25.1
34.8
29.1
30.1
29.1
31.2
32.7
22.9
32.2
31.7
27.3
31
27.3
34.9
26.4
30.6
28.6
34.7
33.2
25.8
27.8
28.3
32.6
33
32.7
32.7
33.9
27.7
34.2
35.5
32.5
25.2
26
27
29.7
33.6
32.5
27.8
25.5
32
28.3
29.6
30.9
31.7
26.6
34.2
31.5
31.3
31.2
31.2
31.9
29.8
30.3
35.3
32.3
29.5
29.3
30.6
27
34.1
30
30.7
31.7
34.9
31.8
32.3
30.2
29.4
30.5
28.4
32.7
32.1
34.4
33
32.1
26.4
32.5
32.4
32
29
33
27.8
31.4
33.1
25.6
30.4
33.2
24.5
28.5
29.9
28.7
30.6
30.8
33.7
29.2
34.2
28.2
30.5
29.3
31.5
30.6
32.7
32.2
33
28.5
28.2
27.5
24
31.8
32.7
31
22
27.8
29.8
32.5
26.9
29.5
34.6
33.5
33.4
28.3
25.3
33.9
32.4
29.2
32.1
30.5
32.3
28.1
29.9
24.8
29.9
27.5
27.8
24.5
23.2
34.2
34.8
30
29.6
29.1
30.9
30.5
27.3
28.7
33.1
36.8
30.8
22.9
30.5
26.3
28.1
31.6
28.4
29.7
30.2
32
34.9
34.3
29.5
33.4
34.1
36
32.8
31
28
32.3
26.9
25.3
26.5
30.8
30.3
25.6
25
29.6
36.6
27.4
33.3
27
34
25.2
31.3
32.9
28.2
27.1
33.7
25.2
29.2
27
26.5
25.8
29.2
28.6
30.8
30.2
32.6
29.3
28.7
31
32
32.5
34.1
34
28.8
25.2
27.2
26.5
32
32.7
26.7
25.9
29.7
27.1
33.7
28.9
36.2
28.8
30.8
27.9
33.4
29.8
27
33.3
33.6
27.9
30.9
29.6
34.1
34
25.4
27
31.7
30.6
25.6
30.9
30
33.3
27.5
26.7
28.6
29.3
33.6
31.5
29.2
28.4
27.2
26.2
28.9
29.2
30.9
26.4
30
24.8
34.1
24.7
29.2
33
29
32.6
29.7
33.3
32.6
30.4
32.1
35
30.3
27.1
25.3
30
32.6
25.4
31
31.1
25.8
30.4
27.7
28
30.7
29
27.2
30.4
30.7
31.4
34.7
33.3
31.4
33.8
33.2
29.6
30.1
30
35.2
27.9
31.4
27.7
29.5
30.3
27.1
32
27.3
34.4
25.8
35.9
32.4
26.6
31.1
30.7
32.7
32.5
32.6
26.7
26.4
30.2
30.6
29.7
33.6
31.1
29.4
22.3
26.4
30.6
24.5
23.4
35.9
29.9
24.8
33.7
30.8
27.6
31.6
28.4
33.1
26.9
29.8
27.1
23.5
26.5
32.4
35.6
31.4
30.8
28.4
28.2
28.7
26.4
32.3
25.4
23.2
32.7
27
31.6
32.9
23.7
30.2
23.3
25.4
32.8
29.9
30.1
30.5
27.5
32.8
28.7
29.2
31.6
26.2
23.6
30
31.3
26.8
34.9
35.7
33.5
27.7
32.5
26.8
30.4
24.2
35.9
27.4
30.3
29.8
26.2
31.1
36.5
26.2
30.9
26.5
25.8
29.3
27.6
34.1
26.1
33.4
28.8
26.5
33.3
29.4
29.1
29.3
25.9
29.5
28.3
32.7
33.2
29
26.8
28.5
32.6
28.5
31.4
33
33.8
32.1
31.9
34.4
27.3
27.8
24.8
25.6
23.3
27.8
27
33.9
34.1
33.1
25.9
30.1
24.6
32.4
28.6
31.4
27.9
29.9
28.5
33.8
29.9
34.7
32.1
29.7
31.6
30
29.3
30.4
36
29.9
28.7
30
27.3
32.8
30.7
27.7
21.6
32.5
23.2
27
29.3
28.8
30.4
25.9
34
30.1
24.6
28.4
33.5
28.6
33.3
21.4
30.3
31
30.8
28.6
28.1
29.8
30.7
35.9
28.1
23.5
35.6
30.8
25.5
31.7
31.9
32.8
31
30.2
34.6
28.4
32.1
32.5
29.8
31.7
33.3
34.1
25.9
26
28.9
32.3
34.6
28.8
26.5
30.7
32.5
25.4
31.9
25.2
28.8
27.7
34.2
25.9
34.4
35.5
28.6
28.7
33.7
26.4
30.6
33.5
33.7
27.2
29.6
23.5
30.6
31.2
27.9
29.3
33.3
25.2
25.2
35.7
33.3
26.9
31.4
25.2
32.8
25.4
32.9
32.7
33.4
25.7
30.4
29.2
33.6
32.8
32.5
27.5
33.9
32.2
30.1
30.4
27.9
32.2
30.8
33.5
28.9
33.1
24.8
32.4
33
30.3
35.1
30.3
33.5
23.4
27.9
29.5
26
32.5
27.2
25.6
27.1
31.2
35.9
28.8
33.1
26.7
25.1
30.1
30.4
29
34.8
31.6
27.6
30.5
28.5
24.7
35.5
28.6
27
25.2
30.8
32
23
30.1
30.5
30
30.9
31.5
30
32.4
27.1
27.9
28
30.3
33.1
30.4
32.7
31.2
34.7
29.8
30
29.5
33.4
26.9
34.5
29.8
30.4
24.6
30.7
25.8
29
24.3
31.4
27.9
26.6
33.7
35.5
29.1
28.1
32.4
35.5
32.8
29.8
29.3
35.9
28.2
31.2
32.8
27.2
29.7
25.8
27.9
34.6
30.5
31
35
30.9
33
29.7
27.4
24.1
34.5
32.5
28.9
29.6
27.5
27.3
30
29.1
29.8
29.3
31
25.7
30
26.7
33.5
34.3
28.1
24
29.2
31.4
24.1
25.3
28.3
32.1
31.9
31.7
33.8
31.7
30.4
26.6
31.4
24.7
25
24.4
32.3
33.9
35.3
31
30.6
32.5
33.1
31.4
27.1
29.9
31.3
31.6
31.5
29.3
35.6
30.5
26.7
30.1
32.9
27.6
29.1
30.2
27.9
32.4
32
28.9
33.1
28.9
28.8
32.1
29.8
26.3
27.5
30.4
27
26.5
29.7
28
23.8
28.7
28.5
32.3
32.6
29.9
33.3
31.6
30.6
30.3
31.9
27.9
30
30.4
31.9
33.6
31.8
32.7
25.4
25.8
32.7
31.8
26.2
28.5
32.9
28.5
23.2
34.1
32.5
30.3
31.6
30.7
32.9
32.1
27.7
31.2
25.7
30.5
27
30.1
24.9
34.3
28.5
33
32.3
30.2
35.2
28.5
26.7
31.7
33.3
28.7
32
29
35.1
29
36.9
20.7
30.3
31.4
32.7
26.9
30
32.7
32.7
30.4
31.8
27.5
33.3
32.6
26.9
29.4
28.2
29.4
32.4
27.3
34.1
31.8
30.4
29
25.9
23.5
30.1
31.7
33.7
27.5
29.5
25.5
30.1
26.2
30.1
35
25.4
36.8
29.3
29.2
34.6
34.9
26
30.1
30.6
31.7
23.5
25.3
33
32.9
32.8
30.2
32.3
28
27.7
28.7
27.5
27.4
31.9
31.7
24.2
32.8
31.3
25.5
26.6
33
34.1
36.1
33.3
33.3
25.3
21
33.3
29.9
29.2
20.5
30
24.2
31.2
26
29.4
29
28.5
27
30.4
25.9
33.9
29.3
27.9
29.3
27.8
32.7
32.1
32
34.2
33.3
34.2
31.8
28.5
33.7
28.8
30.7
28.9
28.5
29.5
29.7
29.5
29.3
31.9
32
30.4
34.1
28.6
31.8
30.1
31.3
29.8
30.3
34.4
34.4
35.6
31.7
28.3
30.9
32.5
30.6
31.5
29.7
26
24.6
36.3
31.8
26.7
32
26.2
35.1
31.8
29.7
32.1
33.2
29.8
32.7
29.7
29
31.3
31.8
34.1
32.8
33.8
30
33.9
34.5
31.3
31.5
24.6
26.7
29
27.8
29.1
29.6
29.8
32.9
26.3
32.3
27
30.3
33.4
33.8
32.6
26.6
25.3
27.9
32.2
33.2
35.7
27.9
30.8
33
26.2
31.4
32.3
26.1
29.7
31.4
27.5
25.4
36
28.5
28.7
29.3
29.5
29.6
30.9
31.2
32.1
30.5
31.6
24.7
33
28
31
31.2
30.9
28.6
32.7
32.5
29.4
35.3
32.4
31.7
31.1
32
26
32
33.2
23.6
28.7
32.3
34.1
35
33
28.2
31
34.5
33.9
32.2
35.1
32
31.9
31.6
23.5
30.8
31.5
29.3
32.3
27.6
28.2
26.2
26.1
29.6
32.7
27.8
34.2
33.6
29.8
35.6
27.4
26.5
28.5
31.9
31.7
31.8
28.6
28.4
28.2
36.4
34.9
31.9
24.3
30.3
33
31.4
29.6
30.7
29.8
28.7
31.1
27.4
26.7
34.5
31.1
30.9
25.7
36.6
30.7
29.2
32
30.4
32.2
34.4
30.2
34.9
37.9
33.8
25.8
29.6
28.9
28.5
31.3
30.5
26
32.2
29.6
31.2
28.9
27.2
31.2
27.6
32.4
33.7
35.7
28.4
31.2
28.6
30.3
28.6
24.8
29.6
29.2
31.5
31.3
29.4
35.3
27.7
34.2
25.4
24.9
31.4
28.3
29.1
25.5
33.5
29.3
23.7
29.9
26.3
31.6
24
31.8
26.5
34.9
30.5
31.2
24.4
32.2
28.3
28
34.3
30.2
30.5
26.2
35.4
33.4
25.2
28.7
34.9
31.1
33.1
34.5
27.1
27.4
31.6
33
28.3
31.5
25.1
26.8
33.5
26.3
30.4
30.3
34.2
24.7
33.9
26.3
31.1
31.6
31.8
29.4
33.4
29.5
30.9
31.7
31.3
32.3
27.8
30.3
30.5
31.8
28.7
27.9
31.6
33.9
21.9
25.6
30.4
27.6
27.8
29.1
31.9
34
32
24.7
27.2
27.7
34.5
26.4
30.2
35.9
32.3
30.5
27.5
28.3
31.2
24.5
27.6
32.6
31.8
32.7
26.9
30.7
33
32.3
25.6
34.1
29.5
28.2
28.5
27.9
25.9
29.9
30.8
24.9
32.6
27.9
25.8
31.5
25.4
34
29.1
25.4
33.7
25.3
32
29.1
32.6
29.7
25.1
30.8
29.7
26.5
26.5
31.5
34
35.4
31.5
33.7
29
32.2
28.9
31.7
36.5
30.5
33.9
30.8
33.1
34
33
29.6
28.6
31.7
28.5
29.3
30.1
31.1
29.1
28.1
25.9
34.5
33
26.3
35.1
31.9
29.2
30.6
29.1
27.1
28
31.3
30.2
31.5
29.6
28.7
32
32.5
33.8
29.4
28.4
30
29
25.3
27.2
29.4
27.4
26.8
27.3
27.2
30.2
28.2
31.4
32.2
30.5
29.1
30.3
35.6
30.3
29
28.1
33
37.3
30.1
30.1
27.5
30.1
29
28.6
33.5
27.6
31.2
32.6
31.3
28.6
29
37
29.9
34.2
26.9
33.9
27.5
34.2
29.6
29.8
31
32
33.9
29.1
32.5
29.2
27.9
29.4
33.9
33.1
33.6
32.6
28.8
31.1
26.8
33
34.5
26.9
30.5
34.9
32.3
33.7
31.4
33
35.3
32.3
35.1
26.3
29.3
32.5
29
33.5
26.3
27.6
36.9
33
24.5
31.7
30.6
26.7
29.1
28.1
26.4
23.4
32
33.9
32.6
33.8
29.4
32.3
36.5
32.8
32.8
20.7
27.3
32.9
29.9
26.4
33.7
29.3
32.3
29.8
33.9
32.8
29.8
29.7
33.6
28.5
26.8
29.5
25.3
31.8
33.5
33.6
32.6
35.3
32.2
27.5
31.7
25.5
30.9
33.2
31.8
30.2
33.1
32.1
35.7
33.2
31
26.5
28.7
32.6
27.4
29.2
24.7
29.2
33.4
33.3
30.8
28.5
28.3
31.8
30.1
28.8
26.8
30
27.3
30.9
32.6
26
30.3
29.7
32.4
31.6
36
32.3
29
26.2
34.2
29.7
30.6
28.3
28.7
31.5
30.3
33.1
34.7
32
36.8
28.8
32.5
33.6
28.8
32.6
30
35.1
26.7
32.8
28.5
34.9
28.5
31.2
30.3
30
20.3
28.3
28.9
24.8
33.1
28.7
35.8
26.2
31.4
27.8
28.4
28.4
31.8
32.7
29.4
36.4
30.8
30.8
34.8
34
30.2
32.4
26.9
33.2
32.1
30.3
34.1
33.1
29.4
34.5
25.5
32.3
31.1
33
33
27.5
33.1
27.1
29.4
31.6
26.1
31.2
33
31
33.2
31.8
31.8
29
33.8
27.3
27.8
31.8
35.8
34.9
28.3
24.6
28.1
34.6
25
31.2
24.4
27.8
26.4
30.1
18.6
22.2
30.3
23.6
29.6
24.7
31.1
29.3
32.8
34
29.4
28.1
25.4
31.5
25.8
35.7
33.4
31.7
31.3
29.1
31.9
31
28.3
29
32.9
34.2
25.5
31.4
28.6
30
29.6
30.4
32.3
31.7
28.9
34.2
29.3
31.6
32.1
31.4
29.9
26
33.2
23.7
32.7
25.8
31
28.9
23.2
28.1
32.8
30.1
28.5
28.1
30.8
33.7
33.1
33.2
24.6
31.9
29.8
33.5
34
29.9
32.4
33
32.1
24.9
30.7
25.4
33.1
27.1
32.3
32.3
35
30.7
30.3
28.4
33.6
27.3
25.4
25.4
32.5
26.1
27.7
31.2
31.9
30.7
25.2
32.5
31
29.9
31
33
27.6
33.3
25.2
29.7
25.9
28.9
26.1
31.5
30.7
30.2
28.8
33.1
31.3
23.4
29.8
31.8
29.9
32.2
28.3
29.4
33.3
29.1
24.5
32.4
34.8
26.1
28.8
34.6
34.5
30.5
27.6
34.2
28.3
31.2
28.9
32.8
23.2
32.5
26.7
33.8
35.2
30.8
27.9
33.1
25.9
31.4
34.4
30.1
29.6
24.3
25.8
29.1
32.4
33.2
25.9
31
26.3
30.1
29.3
33.1
33
26.1
30.8
35.1
24.9
24.3
30.4
30.7
23.3
34.8
28
30.4
25.4
31.9
30.3
28.3
33.6
34.4
28.9
34.3
31.3
31
29.6
30.4
31.4
24.9
26.4
32.6
30.9
32.4
33.6
30.8
31.5
35.5
31.2
29.3
29.9
32.7
33.1
35.3
32.2
31
31
24.5
29.5
24.8
33.4
26.5
30.3
31.1
34.4
26
32.8
26.3
32.7
29.3
27.6
29.6
32.5
23.1
33.1
26.9
27.7
25.6
28.2
28.4
31.2
34.9
30.7
31.9
26.8
24.6
33.8
30.9
31.9
28.1
34.7
30
33.4
29.7
26.8
26
24.2
33
28.7
35.5
33.1
30
27.9
28.4
32.7
28.9
32.7
35.7
29.9
33.9
29.1
27.2
32.9
33.2
28.2
34.6
35
24.3
30.1
34.4
25.2
31.8
35.9
29.5
32.4
31.6
27.6
33.3
33.4
32.9
31.1
30.5
34.3
30.4
29.4
30.7
26.8
30.9
32.1
30.7
29.2
29.7
33.3
33.9
30.7
29.5
33.1
34.6
25.7
27.3
32.8
31.4
34.4
28.3
30.2
28.9
29.2
29.6
32.8
34.1
31.7
27.2
27.2
32.5
29.5
24.8
23.6
30.3
28.8
27.7
30.3
26.7
26
26.1
33.2
29.1
32.4
35
28.6
32.9
34.9
34.3
31.3
22.8
27.7
34.8
26.1
29.5
28.9
28.5
29.6
33.6
29.9
27
28.4
28.4
32.3
34.6
33.3
32.9
29.2
34.6
34.7
29.1
33.8
36.1
33.9
32.5
33.7
22.2
31.9
33.4
25.6
25.6
26.5
31.5
33.6
32.2
29.1
23.8
32.1
28
30.6
31.3
32.1
32.8
31.3
31
31.8
32
24
34.1
36
33.6
26.8
28.9
31.5
25.7
32.5
32.2
25.4
27.9
32.5
31.3
35.7
33.3
28.4
29.2
25.7
33.6
34.7
28.6
34.5
32.3
34.8
29.7
24.9
29.6
35.4
30.8
23.1
34.2
31.5
33.3
32.2
29
32.1
35.3
31.7
29.9
32.1
30.5
34.2
31.2
33.9
31.2
28.9
32.2
33.6
30.9
29.1
28.9
32.6
35.5
33.3
30.9
32.8
33
35.4
25.8
30.8
31.7
26.5
31.7
19.5
32.6
27.1
31.6
24.3
33
29
28.7
31
25.4
26.7
31.2
31.6
33.7
26.2
30.9
29.3
35.2
31.9
30.1
29
28.4
26.3
27
31
31.6
33.9
27.5
31.1
26.5
28.4
31
35.6
32
30.1
32.1
32.2
32.9
25.2
28.8
26.4
30.8
34.3
27.8
33.8
25.4
30.1
30
27.7
28.3
30.7
30.5
33.8
26.7
30.8
30.9
35.7
29.3
33.3
32.5
28.3
25.1
30.6
33.2
25.5
30.2
31.1
29.8
34.6
25.8
29.9
27.1
29.1
29
28.7
31.5
28.3
31.1
24.5
31.7
33.3
36
29.2
25.5
28.9
30.2
32.1
26.9
28.5
31.4
29.7
26
32.8
29.7
30.8
27
31.7
29.4
34.5
31.7
35.2
33.9
30
22.5
28.4
34.8
32.9
34.8
29.3
33.6
33.9
33.8
30.7
31.9
31.1
27.6
25.4
29.2
32.7
27.5
22
29.7
33.5
30.9
33.5
36.4
35.5
33
27.7
25.8
31.9
29.4
28.8
32.7
33.4
28.5
23.6
30
33.3
34.8
24.6
28.5
28.9
29.5
31.4
30.7
32.9
33.3
26.9
29.2
33.6
28
33.1
29.2
27
28.8
32.7
25.4
26.6
31.1
28.5
27.8
29
31
26.4
34.2
25.6
27.5
27.5
34.4
30.5
28.2
29.3
27.5
31.2
34.1
29.9
27.1
33.5
32.1
30.5
31.3
27.8
29.8
33.3
33.5
32.1
29.5
25.3
32.6
34
27.9
34.1
28.2
33.4
29.8
30.2
27.9
31.8
35.2
28.7
30.6
23.9
33
31.1
28.9
31.1
32
33.1
30.2
23.6
28.2
28.9
28.7
24.2
31.9
27.9
30.1
29.8
35.7
31.1
30.2
27.9
34.5
25.6
38.9
27.8
28.5
30.3
29.6
29
36.6
26.9
28.1
32.6
26
32.9
36.3
30.6
29.9
31.9
29.2
26.2
33.9
35.4
32.8
34.5
31.8
29.5
34.7
30.9
33.4
30.2
31.4
29.5
28.9
33.7
36.4
31.8
29.4
25.2
26.3
31.9
29.2
33
32.7
33.8
31.2
28.9
28.6
28.2
29.2
25.9
31.3
27.9
25.5
29.1
29.8
29.4
30.6
34
33.1
25.1
30.4
36.2
29.8
24.2
26
30.9
28.3
29
31.3
35.8
30.7
30.5
27.3
29.6
26.7
28.5
28.1
30.4
34
34.5
37.2
32
27.5
33.6
33.5
30.9
34
27.8
27.1
25.1
34.8
28.4
36.2
34.1
31.1
32.6
31.9
31.9
31.2
30.2
37
33.4
29.7
35.2
31
27.1
30.8
32.1
29.6
29.9
24.3
34.7
26.8
28.7
30.5
34
30.2
28.6
32.1
32
27
32.8
34
24.6
25.3
30.8
32.7
28.9
25.5
25.6
30.2
29.1
35.1
34.3
33.9
31
37.6
35.2
32.7
26.9
30.5
27.2
34.4
33.2
26.2
32.8
33.9
23.4
29.9
31.3
30.7
27.6
31.3
33
35.9
29.5
32.8
29.6
29.7
29.7
32.3
31.9
23.3
31.5
33.2
31.3
31
28.3
30.2
36.8
26.3
34.7
32.3
29.9
24.3
25.5
30.1
33
27.7
34.4
30.9
31.2
30.6
34.4
23.6
33
30.1
31.5
30.8
26.8
29.4
32.8
32.3
30.2
31.7
32.7
21.2
31.1
24.2
31.2
32.8
30.8
31.1
24.6
27.7
30.1
23.8
26.6
25.1
25.7
28.5
28.9
27.2
28.5
33.4
25.6
31.8
32.1
27.6
31
25.6
29
29.4
30.3
34.4
26.3
33.1
33.6
33.5
29.2
28.2
24.4
32.7
29.5
27.4
31.2
31.5
33.1
31.6
31.3
27.3
29
26.8
33.3
31.1
27.4
34.7
28.9
28.8
33.4
22.5
33
31.2
29.8
33
34.2
31
31.6
34.8
29.8
29.3
23.7
30.7
29.9
27.2
32.2
32.1
33.6
30.2
27.5
34.7
29.4
33.4
30.8
30.9
29.3
29.4
35.3
35.3
29.8
31.7
31.7
29.8
24.1
30.4
24.6
23.8
31.4
31.3
33.2
34.2
32.9
26.9
34.3
34.2
24.8
30.8
29.3
31.5
35.6
32.6
31.7
26.9
32.8
32.1
33.4
30.4
31.5
33.4
27.2
33.8
33.2
23.7
32.7
28.6
28.7
25.6
31
31
32
31.9
33.5
34.1
26.1
28.1
27.4
33.3
29.3
22.1
31.9
29.2
31.1
31.9
27.9
31.2
29
24.4
37.2
34.4
29.4
35.8
33.8
33.6
29.4
26.9
26.6
30.9
32.2
33.9
26.5
34.5
27.6
34.3
30.1
31.5
23.6
24.5
32.3
29.4
29.9
21.6
27
27.2
30.1
25.7
33.3
23
29.1
30.5
34.3
30.6
30.1
27
32.3
22.2
24.9
29.7
28.1
32.9
34.4
33.5
25.3
32.2
32
29.6
20.7
31.5
30.8
34.5
26.2
26.6
31.9
32.8
32.5
30
30.2
31.8
23.4
30.9
27.8
35
28.6
29.8
31
33.5
29.4
30.3
32.9
30.6
35.6
30.1
26.8
26.2
29.2
23.1
29.7
30.5
34.3
29.6
35
32.1
30.7
33.6
26
29.6
31.2
31.8
29.1
28.5
26.9
33
34
28
25.2
25.3
29.7
34.1
33.2
31.6
24.7
24.7
26
32.4
29.3
34.3
30.2
29.6
31
31.2
32.3
32.6
31.4
30.7
29.3
30.1
29.5
33.3
29
22.9
20.4
30.8
30.4
33.3
27.1
29.9
31.5
23.9
27.9
27.2
28.7
30.5
26.4
34.9
23.1
33.3
33.3
25.6
30.5
28.8
32.6
30.6
23.6
24.9
24.6
30.5
25.2
33.2
31.4
32.9
26.6
28.6
31.5
30.4
27.4
33.1
29.2
28.4
35.2
30.9
33.1
24.6
24.3
32.1
29.4
30.6
29.4
31.4
29.7
33.6
31.5
31.5
33.6
28.2
32.2
27.7
25.1
24
36.2
27.1
29.2
31.9
32.8
28.7
29.1
33.9
24.4
29.9
30.2
32.9
31.9
28.6
31.2
28.2
31.7
32.8
23.4
30.5
32.4
30.3
26.3
36.1
31.3
27
28.8
24
27.7
33.9
25.4
25.8
29.7
31.8
35.7
25.4
35.6
32.9
29.1
28.8
30.2
33.4
31.9
27.6
28.8
26
34.3
30.2
34.1
32.8
34.9
24.5
32.3
26.7
33.5
35.7
32.8
32.5
29.6
27
32.7
33.4
27.4
31.6
33.4
32
25.4
34.5
25.1
32.7
34.8
31.4
29.7
29.1
25
32.4
33.5
27.7
28.9
30.2
27.8
31.5
23.3
32.6
33.1
32
27.2
30.2
31.4
29.1
30
30
34.7
26.4
24.5
33.6
31.3
31
31.2
27.2
29.8
34.4
25.6
34.8
33.5
31.7
29.3
28.8
29.8
31.3
29.2
30.9
29.6
28.6
33.2
27.2
34.2
32.6
32.5
33.4
32
30.7
34
29.9
34.3
26.6
29.6
28.8
29.8
33.2
31.6
25.2
33
26.7
29.9
33
32.6
25.2
32.2
25
24.9
33
33
33.6
30.9
34.2
32.4
23.9
28.6
27.5
35.9
28.6
29.4
32.1
29.4
31.4
29.9
35.4
31.8
30.1
32.3
30.2
34.1
33.3
31.8
28.5
30.7
34.4
24.4
29.6
33.9
28.4
29.7
35.3
32.8
35.1
26
31.1
33.1
23.8
35.4
28.8
29.4
29.5
27.4
30
25.9
34.7
29.3
35.7
35.1
30.5
31.9
29.3
31.8
30.6
36.6
30.9
30.8
34.7
23.9
22.7
31.5
28.4
31.2
28.6
30
29.4
31.3
26.2
32
29.1
26
29.7
25.8
35.3
32.4
28.2
34.7
27.4
25.8
31.8
32.1
30.8
32.1
34.2
27.6
30.2
32
32.2
27.4
23
25.1
30.3
32.8
31
28.9
29.3
32.3
26.1
27
28.2
31.3
33.9
25.3
28.9
32.7
32.6
26.2
29.8
32.9
30.4
33.4
22.9
32.6
31.3
35
34.1
23.3
26.6
28
30.7
30.1
29.4
33.6
30.5
29.1
27.5
35.1
27.7
33.8
30
29.9
31.6
23.7
33.8
31.1
28.9
29.3
33.5
28.5
30.2
28.8
30.2
28.3
30.1
32
33.5
26.1
29.8
30.9
24.9
23.9
25.2
29.8
32.6
32.2
32.1
26.4
29.1
33.8
32.3
32.7
31.6
30.7
24.6
32.5
33.3
37
30.5
27.5
27.2
25.8
35.9
32.5
31.4
29.8
34.4
35.7
30.1
35.4
25.4
31.3
28.9
30.4
27.5
32
29.3
33
32.3
26
34.4
34.4
26.5
24.4
25.9
32.5
32.6
33.6
27.3
33.7
35.5
32.8
33.8
30.8
28.4
32
32.7
37.8
25.6
28.6
34.9
28
32.5
33.2
33.3
33
29
34
28.8
32.4
36.3
29.8
35.1
31.3
31.3
30.6
33.2
35.2
26.2
24.7
33.9
35.4
32.7
32.5
31.3
32.9
30.5
34.2
32.6
32.3
28.9
34.8
25.4
28.2
31.1
26.6
24.1
33.3
30.8
31.6
33.3
34.3
32.4
30.5
28.3
33.8
29.9
29.6
29.5
35.5
32.5
24.8
29.5
30.2
31.6
30.8
35.9
29.4
29.4
36.2
27.4
29.6
27.7
36.3
22.4
23.7
29.6
32.6
35.5
29.5
29.9
31.9
26.3
29.4
32
28.5
29.6
30.7
31.2
33.4
34.7
32.2
29.2
33.3
23.5
32.3
31.6
36
26.5
23.4
32.8
24.8
27.4
28.7
30.6
26.4
27.6
31.6
26.9
33.3
32.5
36.4
32.4
28.8
28
30.4
31.8
30.7
29
20.8
28.5
28.1
32
34
27.5
25.8
31.7
34.6
26.4
31.1
27.9
33.8
24.3
27.6
25
35.5
28.2
28
32.5
29.4
34.7
30.5
34.4
29.3
26.3
31.7
25.8
34.9
28.4
30.6
32
27.1
24.8
30.2
30.7
28.8
37.8
29.5
29.3
27.5
34.2
31.7
26.7
33.8
25.4
32
30.8
34.7
27.7
31.9
35.8
32.1
28.2
33.5
26.2
27.9
29.2
32.6
27
32.4
28.2
29
32.5
29.3
30.5
31
30.5
28.7
28.6
33.9
28.7
31.2
23.3
30.3
28.7
34.1
25.9
35.6
27.2
32.9
27.7
28.3
34.1
25.1
34.9
26.9
25.7
28.8
35.4
32
32.9
29.1
32.9
29
24.4
35
24.9
26.6
33.6
31.4
24.2
34.2
34.4
27.4
32.8
33.8
25.3
29.2
27.1
29
35.7
32.2
29
30.5
29.3
27
31.1
32.8
30.4
29.6
33.6
24.3
26.1
32.1
31.2
28.1
25.8
27.3
20.3
30.7
29.9
29.4
28
34
32
27
26
30
36.1
28.6
33.4
32.9
32.5
25.4
34
23.8
31.1
29.2
29.2
34.9
29.3
26.5
31.9
28
31.1
31.2
32.6
33.4
30
29.4
33.9
32.4
30.7
28.6
33
33.5
33.1
28.8
25.4
35.3
36.4
30
26.6
29.7
28.5
32.4
30.4
26
33.9
31.7
28.8
26
32.7
26.2
25.2
25.5
31
31
27.9
30.7
32.5
29.9
33.7
28.2
30.2
30.6
29.1
29.4
30.1
33
30.8
24.6
30.9
27.5
30.3
35.6
30.4
26.4
31.1
31.8
25.8
34.6
30.5
28.7
23.6
27.6
29.8
27.2
30.1
31
28.5
33.4
28.2
33.6
31.6
29.4
29.7
29
30.7
33
28.7
30.9
31.7
31.9
29.8
32.2
27.5
26.5
30.8
26
33.8
32.2
32.4
24.9
29.6
28.7
31.8
30.8
33.3
31.4
26.6
24.4
24.7
34.7
32.7
24.7
27.1
33.9
33
29.6
33.2
35.7
31.3
29.1
30.9
31.1
34
26.6
33.2
33.3
33.7
33.4
33
31.5
30.8
30.4
32
33.1
29.8
28.6
32.2
30.7
27.1
31.4
30.5
29
20.7
26.9
29.6
33.3
33
25.6
30.8
33.5
31.8
32.2
31.1
29.9
35.4
31.5
29
29.4
30.9
26.9
31.3
32.2
35.4
30.3
31.1
27.9
31.6
25.1
29.6
34.7
24.2
31.5
25.3
30
31.9
28.9
34
31.1
27.4
35.4
33.1
31.2
30.8
33.3
28.9
32.2
31.9
33.1
30.9
30.1
31
35.9
30.5
29.9
34.1
30.5
32.5
30.2
31.9
33.8
30
34.3
33.5
32.1
27.3
25.9
31.7
25.8
25.1
31.3
32.1
26.6
35.3
34.2
29.3
26.5
31.1
26.1
32.8
32
31.2
33.8
28
30.2
34.9
34.1
30
29.6
29.5
27.4
28.1
32.3
34.1
33
30.7
33.8
33.5
33.1
37.2
23.8
32.3
25.4
24.7
31.4
32.1
32.9
26
30.9
27.9
31.7
26.7
31
34.3
30.6
29.2
28.5
29.6
29
31.2
31.7
27.8
28.7
32
23
33
26.9
33
29.4
27.9
30.4
30.2
24.4
25.9
35.8
27.8
34.5
33.1
27.8
30.9
35.4
31.7
28.2
32
30
30.9
33.4
29.1
32
27.8
34.6
29.3
29.3
28.9
28
32.7
34.3
31.2
25.5
31.7
30.5
33.5
25.4
35.3
21.1
31.6
26.4
30.1
30.7
28.9
30
25.3
31.1
31.6
31.1
29.5
29.3
30.6
32.9
35.5
23.9
34
34
33.7
27.2
32.7
32.8
31.6
30.8
27.7
34.7
34.3
30.6
23
30.2
33.4
28.8
31.3
32.6
25.2
28.9
33
32.6
32.3
29.2
35.7
25.5
25.4
31.1
29.2
30.1
28.5
31.5
34.1
30.7
26.6
23.4
33.9
28.1
32.7
33.7
32.1
24.2
31
33.6
31.7
33.1
31.1
30.4
26.9
25.2
29.3
27.1
29.9
32.4
29.9
33.4
34.7
34.3
30
34.9
27.1
30.6
29.4
26.4
32
31.5
26.9
28.3
32.7
26.6
30.4
33.7
33.4
30.9
33.9
32.7
30.3
30
32.7
32.3
33.7
27.7
28.7
30.9
31.7
26.9
35.9
27.2
30.1
32.9
34.3
29.9
31.2
29.4
24.5
21.1
26.6
28.8
27.8
25
33.4
29.3
28.8
33
26.6
33.2
35.2
28.5
31.8
30.2
31.3
36.5
34.3
34.6
29.2
29.1
27.1
27.2
30
25.4
29.3
30.9
34.7
32.3
24.6
33
33.3
32
29.6
31.5
27.1
30.5
26.3
27.4
25.5
35
34.6
34.1
33.7
30.6
30.7
31.4
29.9
32.9
31.3
28.4
27.1
28.7
32.5
31
31.8
26.2
26.2
27.9
33
24.2
30.6
32.6
35.9
30.2
35.7
33.2
32.4
32.5
29.6
26.6
33.8
29.8
31.9
29
25.1
33
27.8
26.8
27.4
35.1
30
28.1
36.1
31.5
21.5
32.5
33.6
30.1
25.8
33.7
31.2
33.2
32.8
32.2
33.4
31.1
22
30.7
28.4
31.6
32.7
29.4
31.7
35.1
20.9
31.7
31.6
29.4
23.2
30.6
33.6
33.5
25.9
31.1
29.8
31.5
31.1
31
26.8
27.2
29.1
32.3
30.4
33.4
34.6
35.8
32.3
27
26.6
27.1
28.2
29.5
27
26.5
29.8
31.5
33.7
28.9
31.6
34.5
35.2
32.7
29.4
23
24.7
29.6
28.1
35.9
32.5
30.5
28.8
26.8
32.9
31.2
24.9
29.3
25.8
29.2
29.3
27.5
30.9
28.4
28
29.7
30.9
28.9
25.4
30.5
30.6
34.7
31.4
29
33.1
28.4
30.1
30.4
30.1
30.4
33.5
24.5
27.7
29.9
33
27.9
31.8
35.1
23.7
28.4
30.8
32.6
34.4
27.1
18.9
31.3
34.2
34.2
32.6
34.9
29.6
29.8
26.6
31
24
26.8
33.7
34.7
27.6
28.8
33
30.8
30.8
28.6
28.8
29.8
23.1
26.9
24.5
26.4
36.4
34.3
29.1
31.9
31.5
32.4
29.8
28.1
27.8
32.8
30.5
29.7
33.2
30.3
28.1
30.5
30.7
26.7
30.6
30.2
28.1
31.5
30
31.3
29.5
30.4
26.8
32.5
30.4
26.4
34
33.2
30.6
26.6
30.4
33.1
33.8
31.6
34.1
28
30.8
35.8
34.5
35.6
35.8
30.2
29.3
26.1
29.7
35.2
30
25.5
30.1
33.1
25.9
30.6
32.4
35.3
31.6
32.3
33.5
30.4
35
32.4
31.6
30.6
31.4
28.6
28.4
31.9
27.8
34.5
29.3
29.7
30.5
26.2
30.9
35.5
26.2
25.7
24.5
28.8
29.9
28.4
28.8
25.5
32.5
29.8
33.4
29.2
31.3
29.4
33.7
31.4
29.9
32.5
34.4
29.8
26.5
34.2
34.6
29.4
32
28.8
29.6
31.2
33.5
27.6
35.2
26.2
31.7
31.9
30.7
33.1
30
28
29.1
30.6
29.3
32.4
29.7
23.4
30.8
31.9
34.1
27.3
33.1
28.2
33.8
28.9
23.3
30
31.4
30
34.9
29
28.9
30.7
29
28.7
28
22.8
24.8
32.1
30.5
29.7
26.3
30.1
34.8
34.6
33.2
29.9
31.4
30.3
29.5
26.6
28.5
33.5
33.1
33.8
32.8
30.9
26.9
31.8
25.7
33.4
35.4
30.9
31
27.1
28.8
34.4
26.6
27.9
34.4
31.6
33
28.6
26.6
29.8
27.6
31.4
27.2
32
25.7
29.8
33.3
29.3
31.9
28.4
27.2
30.9
32.2
32.2
28.6
34.7
29.4
24.6
31.2
31.7
26.4
32.1
29.6
33.8
33
29.7
31.5
26.7
32.9
29.8
32.9
30.1
32.7
30.6
28.9
31.6
25.7
33.1
31.7
33.3
27.9
30.6
24.2
29.6
32.4
24.3
33.8
32.8
30.2
28.6
30
26.9
28.3
23.9
33
28.8
29.5
32.4
28.2
32.7
32.7
24.6
30.3
28.1
32.4
28.2
27.1
32.5
30.6
29.9
34.6
31.2
27.5
34
31.5
32
31
31.9
30.8
30.9
23.2
31.9
26.5
28.1
35.4
25
26.2
30.9
32.2
28.1
24.1
27.6
30.5
31.6
30.1
31.3
30.5
28.9
32.6
28.7
28.3
31
29.5
32
30.1
28.4
29
32.4
34.5
34.4
33.1
29.2
29
31.3
35.4
27.3
34
31.2
29.6
33.4
26.9
25.7
28.6
33.1
33.6
30.1
34.4
31.6
29.8
32
31.5
31.4
32.6
31
31.9
32.5
32.9
29.4
26.4
29.9
30
32.2
34.6
30.3
29.1
30.7
27.3
30.3
31.2
31.5
31.9
30.4
27.1
26.8
33.9
30.9
30.2
32.6
32.4
31.9
33.8
32.1
32.8
27.4
32.6
28
30.3
29
30.2
32.8
25.6
31.6
30.9
30.6
25.3
32.2
20.6
29.7
28.9
35.1
34.7
29.3
34.9
33.7
30.6
31.5
32.8
26.8
26.7
32.7
30.4
24.1
30.6
26.4
31.9
32.4
31.2
29.7
31.5
24.7
23.4
34.4
30.8
30.3
33
32
31.2
32.4
32.6
31.3
35.3
31.5
36.1
28.6
35
32.2
32.4
28.5
33.9
28.1
30.8
27.3
28.2
33.5
28.5
29.7
26.2
30.8
26.4
27.4
30.9
33.1
33.5
30.8
29.7
30.1
29.1
30.4
34.4
31.8
36.9
24
31.8
29.8
30.5
27.2
29.1
29.2
29.8
32.5
34.2
33.9
28.3
27.4
30.3
31.1
32.1
34.3
25.4
34.2
33.2
31.8
29.1
28.9
25.6
32.8
27.2
31.3
32.8
30.7
34
28.5
30.5
34.9
30.2
31.3
29.1
26.7
29.7
29.4
30.4
31.1
37.1
29.2
31.9
36.1
28.6
28.8
26.7
32.9
34.9
21.8
23.7
31.9
33.2
29.7
34.2
31.8
29.2
34.4
26.3
31.7
32.1
27.4
29.5
26.7
30.3
34.6
33
30.4
32.6
31.8
32.3
30.8
31.1
31
29
33.8
33.4
31.6
23.7
25.5
31.9
22.6
25.5
30.1
28.7
30.6
29
33.3
30.1
29.2
28.7
36.3
30.4
32.6
29.6
29.4
29.5
31.9
32.8
27.4
29.2
30.1
29.9
32.2
32.4
31.8
28.8
31.1
32.3
33.6
28.1
35.2
32
27
35.5
32.8
25.7
34.2
25.5
32.8
31.4
30.1
27.5
29.1
33.8
33.4
25.3
35.1
28.1
33.8
31.6
23.2
27.6
26.7
29.4
30.2
29.5
26.8
28.6
28.4
34.2
33.1
32.7
30.8
30.7
34.3
26.6
32.2
36.2
34.9
30.9
31.9
36
29.2
36
24.5
32.8
30.7
27.6
33.7
35.4
33.9
26.9
30.9
31
34.2
29.1
28.7
31.7
29.7
25.7
31.9
29.3
35.8
32.1
28.2
24
25.8
30.5
31.3
28.1
34.7
29.1
33.6
30.5
29.9
33.8
37
26.9
36.1
34.8
30.1
31.9
33.1
30.4
28.3
34.9
31.5
31.4
30.4
34.8
26
35.4
35.6
33.2
25.4
31.1
33.2
27.7
33.3
30.8
27
33
28.2
32.1
34.5
27.6
33.6
32
24.9
31.6
29.5
29.5
33.9
29.3
27.4
33.4
32.1
32.4
29.2
33
33.7
32.2
32.3
33.8
27.6
32.7
34.3
32.3
31.3
36.1
28.9
30.5
32.4
32
28.8
29.5
32.6
34.8
31.4
27.7
27.8
28.1
33.3
33.2
31.3
30.6
35.1
26.6
27.3
26.8
28.2
28
26.8
28.2
32.7
33.8
24.1
26
27.9
31.3
26.6
31.3
31.9
30.2
31.2
35.9
28.2
27.5
33.1
23.7
25.7
33.7
33.9
31.2
33.1
26.4
29.1
30.2
23.2
28.6
31.5
32.4
31.7
30.6
37.1
25.7
28.3
32.8
31.9
34.9
35
29.7
34
25.1
27.9
33
26.7
35
25.1
32.2
24.9
34.8
27.9
32.1
24.7
33
24.7
27.5
36.1
24.1
29.8
33.1
28.7
29.2
28.6
28.5
32.8
31.5
28.4
31.3
20.8
22.3
29.3
31.2
24.3
29
34.2
31.4
31.2
31.3
29.3
26.2
31.4
26.4
32
29.8
28.2
32.7
31.5
28.9
31.6
35.2
31.8
35
31.6
29.3
25.3
32.6
28.8
32.8
30.6
25.1
32.4
28
30.6
32.1
32.9
29.6
33.1
27.7
32.7
31.1
27.6
33
33.8
29.3
32.3
29.2
29.3
30.1
32.4
27.3
33.7
23.9
28.5
32.8
29.9
33
25.8
33.5
34.5
32.8
28.3
23.2
27.2
31.8
34.1
32.9
33.4
27.7
26.5
32.4
29
35
32.5
30.6
27.7
33.9
31.5
34.8
31
29.6
29.6
35.7
32.6
32.3
29.7
31.2
31.6
30.3
27.6
27.9
25.1
33.1
26.6
35.3
32.1
30.9
30.7
26.7
30.1
35.7
26.8
31.6
28.4
26.8
32.1
28.7
31.6
33.5
26.4
30.9
23.1
32.4
26.7
33.1
30
28.4
31.6
25.5
30.5
29.3
25.4
33.2
32.2
28.1
28
31.1
31.1
25.2
29.1
31.8
32.9
32.5
31.3
25.5
30.5
29.5
31
28.7
34.2
27.5
32
36.2
32
27.7
24.6
25
29.5
29.7
30.3
23.6
25.9
34
23.4
29.6
30
28.2
31.1
31.1
26.5
34
29.7
26.2
33.5
27.7
28.3
32.7
33.4
28.6
30.4
32.5
27.1
29.9
33.9
30.2
29.1
27
31.7
33.6
22.3
31.8
26.1
21.6
34.2
30.8
32.1
29.4
28.9
27.9
28.1
31.1
36.6
29.1
37.1
31.6
28
34.2
33
28.8
32.9
30.6
24.7
30.5
23.3
32.8
28
32.4
28
28
31.9
31.6
31.3
29.9
30.1
31.4
29.8
30.6
31.1
27.4
30.5
27.7
31.4
29.6
33
32.5
33.6
28.8
29.3
32.2
32.9
33.3
29.4
32.7
29.1
28.4
30.1
25.8
35.3
26.9
31.2
31.2
32.3
27.5
31.4
30.4
26.9
28.5
29.7
31.7
32.7
25.8
29
31.8
21.2
26.1
34
29.6
32.2
31.7
27.5
32.6
32.4
31.8
30.3
33.7
27
30.7
27.1
32.2
24.5
33.6
29.2
26.3
33
26.9
27.7
37.8
35
29.3
31.5
34.2
27.2
30.1
31.4
32.4
26.3
26.3
28
31.9
35
34.7
26.8
24.4
23.8
26.5
28.1
29.3
29.4
29.2
31.5
27.6
31
31.1
28.5
29.3
26.4
32
33.4
32.6
25.2
29
33.7
34.7
36.5
26.3
25.8
33.9
29.3
26.1
30
33.9
28.7
33.7
32.5
28.8
33.8
25.8
28.8
28
36.1
29.3
32.9
33
34
28.7
34.1
34.5
30.7
30.3
32.3
28.6
34.2
32.1
27.4
30.6
33.5
25.9
30.4
27.9
33.4
34.1
33.3
29.7
32.4
31.3
33.6
29.1
28.7
29.1
25.4
26.1
28.6
25.6
34.7
24.6
27.1
25.6
34.9
26.4
29.2
29.6
34.4
24.8
27.8
33.6
32.4
31.2
34.5
29.3
25.3
27.7
32
34.4
29.6
29.5
24
33
34.3
29.6
36.9
32.1
30.1
28.1
33.8
31.4
34.4
28.8
27.9
32.5
32.3
26.9
31.5
32.6
24.4
25.5
33.4
28.6
28.8
28.9
32
30.8
25.3
30.2
26.1
29.7
24
31.9
28.1
29.2
30.6
30.9
31.8
32.1
27.6
29
34.6
29
35.4
26.5
30.4
31.3
35
31.7
33.6
28.4
25.6
32.2
33.4
29.6
30.7
30.9
33.9
31.3
35.1
28.8
26.5
29
32.8
32.9
33.5
27
35.7
31
28.4
29.7
34.5
29.2
32
33.5
34.2
34.1
27.9
35.7
31.2
29.8
30
27.3
27.6
30.8
35.4
31.7
29.7
31.2
29.9
33.8
31.6
26.9
25.9
26.6
32
34.9
33.4
34.6
33.3
36.3
28.9
27.7
27.6
29.9
30.3
30.1
30.5
33.2
29.1
27.1
35.5
29.7
34.6
33.8
34.5
35
26.9
33
33.6
31.7
25.1
29.3
25.3
30
29.5
30.6
33.7
27.7
35.5
32.8
34
28.1
30.5
28.3
33.3
32.8
22.4
30.5
30.7
27.6
28.3
32.8
26.3
26.7
30
25.2
23
29.5
32.4
27.7
22.3
30.8
32.1
28.3
33.2
37.1
26.2
27.5
28.5
27.1
34.2
28.4
34.4
24
29
32.2
23.7
29
32.6
26.6
33.2
27.2
24
35.5
37.1
27
23.5
28.3
34.1
29.6
27.8
32.3
25.8
29.2
35.9
33.3
30.2
32.9
31.8
28.2
28
28.9
31.9
31.1
23.4
24.2
24.3
29.2
30.3
25.3
32.1
25.6
34.6
29.6
32.5
29.1
31.7
31
29.8
34.2
34.1
31.2
32.1
30.5
35.6
33.7
31.9
33.8
32.6
28.5
30.2
33
27.6
27.5
23.8
30.9
31.9
32.7
32.6
36.1
27.5
31.3
31.3
28.5
29.3
28.6
31.3
29.4
27.8
27.5
33.6
32.8
25.4
26.4
34.5
34.4
28.2
31.1
25.7
30.7
28.6
32
28.3
32.1
28.7
34.8
33.5
31.6
30.8
29.4
33
35.2
29
29.4
31.4
31.4
28.6
33.4
25.5
31.1
32.9
31.6
24.6
27.8
29.4
26
31.2
29.8
30.8
36.2
27.9
29.2
28.7
33.4
32.9
24.7
35
30.6
31.5
29.8
32.2
33.8
26.1
28.7
25.8
30.1
33.7
34.8
29.7
28.1
30.8
32.9
35.6
29.5
32.7
32.7
29.6
33.2
29.7
29.9
34.8
25.4
32.1
25.4
31.6
28.6
30.3
30.6
31.3
30
33.3
28.5
33.4
33.4
33.6
31.2
30.5
32.5
29.2
33.7
27.1
30.7
28.3
29.7
29.3
36
32.9
28.1
26.3
33.3
27.2
33.1
33.3
30.2
34.9
27.7
28.5
29.3
33.9
21.6
29.9
33.1
32.4
33.6
24.4
32.9
34
29.7
31
30
32.5
35.8
26.9
28.8
34.2
29
32.5
27.7
32.4
28.3
28.5
23.5
29
24
30.2
33.1
32.3
26.7
32.7
31.3
33.4
32.8
33.2
29.9
30.9
25
33.1
33.4
32.5
29.2
28.3
31.4
30.8
31.4
33.6
25.6
32.8
32.7
31.6
30
31.1
24.3
28.3
34.4
29.8
23.8
24.9
31.7
32.6
30.6
27.5
28.2
35.1
34.9
33.9
29.2
26.9
33.9
33.2
26.3
32.1
32.3
29.2
33.5
25.2
27.9
32.3
27.5
35.6
29.2
29.2
32.4
34
27.3
29.5
27.7
31.7
30.2
28.1
32.9
30.8
32.4
32.2
28.3
28.4
30.9
33.7
34.7
30.5
34.9
24.3
23.5
25.2
28.5
29.5
29.6
22.7
30.6
25.5
29.2
32.4
28
34.9
33.7
29.6
29.4
34.1
32.1
27.6
31.9
35.5
32.4
32.3
28.8
29.8
28.9
26
34.2
34.4
33.9
31
30.4
32.1
32.7
31.9
33.1
29.5
29.9
33
24
27
29.4
26.8
33.9
30.9
35.2
33.7
24.5
32.6
29.5
31.8
35.3
34.4
36
30.6
26
27
26.9
29.4
34.9
33.6
29
33.2
32.1
33.2
34.9
28.2
32.3
30.6
29.7
26.4
26.1
30.9
34.2
27.8
31.3
26.3
27.3
28.6
33.4
33.8
30
31.5
30.2
33.4
24.2
28.2
25.5
28.1
32.6
34.6
32.1
29.8
23.3
30.9
28.9
29
24.6
31.4
33.3
28.6
25.7
24
30.8
25.9
32.5
27.4
25.9
25.6
29.7
32.2
31.7
32.6
28.2
30.6
31
29.8
32.9
28
24.5
27.8
32.5
30.1
34
29.4
29.3
33.3
27.6
33.2
30.1
28.8
32.4
30.2
25.2
35.7
30.2
32.3
28.6
28.1
31.9
29.7
25.2
31.4
24
28.3
28.3
30.2
29.7
34.7
26.3
29.4
31.2
28.2
24.5
28.3
33.3
30.8
30.3
32.2
35
33.5
34.4
29.2
31.1
28.9
33
30
28.9
29.6
30.3
32.3
28.3
28.9
30.5
35.9
28.6
33.5
31.7
34.5
32.4
30.3
31.7
31.7
32.6
35.1
31.2
27.9
29.5
33.1
28.4
32.9
36.5
26.8
27.6
33.2
33.2
24.9
31.9
31.2
29.7
29.7
28.4
30.7
24.6
25.2
33
26.7
33.5
35.1
31.7
34.9
33.2
26.1
21.1
28.5
32.1
28.2
28
29.3
34
34.2
32.1
33
32.5
28.3
30.2
27.6
36.2
31.3
25.3
34
24.8
29.4
27
34.1
26.7
34.9
31.6
27.6
23.7
30.1
24.2
31.3
32.9
28.6
34.2
31.3
29.2
32.7
29.5
28.6
34.8
33.4
29.3
30.2
34.8
28.3
31.8
33.5
35.1
31.9
29.7
34.9
27.7
37
30.9
27.9
30
28
34.2
23.8
32.3
33
33.1
34.1
28.9
28.9
35
31.8
34
33.3
31.4
34.9
28
31.7
26.2
28.8
36.1
29.9
31.2
23.6
32.5
30.3
32
28.3
31.8
30.3
25.5
29.7
31.4
32.9
31.2
29.1
32.5
23.6
28.9
27.7
24.2
26.5
32.2
30.5
33.6
32.5
31.3
31.7
31.7
31.8
34.1
30.4
25.5
21.9
25.9
28.1
29.2
29.1
33.3
26.5
32.5
32.7
30
36.4
28.1
30.7
32.1
28.3
26.4
33
28.7
28.2
31
25.6
33.1
30.3
31.3
32.6
32.2
35.6
31.5
30.7
29.3
28.6
31.1
34.1
25.6
28.4
29.3
29.5
36.8
28.5
30.7
32.7
31
28.3
33.1
30.7
27.4
33.7
34.9
35.4
33.4
29.6
29.2
32.5
34.9
26.9
27.6
32.1
31.9
31.3
28.5
26.6
30.4
29.7
33.6
26.6
29
31.8
32.5
25.7
29.4
25.3
27.3
30
34.3
26.4
30.6
29.1
30.2
33.4
30.7
30.3
31.9
31.3
33
25.3
34.4
31.5
30.7
27.8
32.2
32.8
35.6
30.7
30.7
20.4
32
31.4
30.5
34.1
30
28.7
27.1
32.5
25.5
29.8
34.8
32.5
30
28.9
25.4
33.9
33
29.9
28.2
32.2
24.4
25.6
30
29.2
29.9
32.7
30
28.3
29.8
33.3
33.2
27.4
26
34
30
32.5
26.8
28.4
31.1
29.9
26.1
34.6
25.6
29.4
32.7
28.9
29.8
31.8
24.4
35.5
30.8
31.6
29.1
28.8
25.5
27.9
30.8
26.8
28.5
34.2
23.5
34.2
24.4
34.6
26.6
30.8
33.3
23.3
23.5
32.7
26.7
29.3
26
29.2
25.5
28.2
31.7
33
33.2
32.4
36.3
34
34.2
34.6
33.8
28.7
25.5
31.4
30.6
30.9
29.6
30.9
29.6
32.8
25.7
31.4
27.2
28.7
25.1
31.5
30.6
29.3
32
32.7
36.1
33.3
30.1
32.7
35.4
33.6
28.4
30.8
32.9
29.1
30.1
28.5
29
26.8
31
33.8
23.9
26.6
34.8
28.8
26.7
34
34.4
33.9
32.6
34.3
27.8
30.4
31.3
35.3
35.5
35.5
32.4
28.3
35.8
28.9
30.4
31.9
31.6
33.4
25.4
25.3
32.6
24.8
36.7
29.5
31.7
32.2
25.7
25.7
30.6
33.2
32.6
35.6
30.7
31.6
30.9
34.6
28.3
31.6
27.8
28.9
31.4
29.8
27.3
25.9
20.1
31
32.5
32.6
31
33.1
27.4
31.2
29.3
33.1
30.1
30.9
32.7
27.7
34.7
31.6
24.5
26.6
32.5
30.9
30.7
34.2
31.2
30
23.6
22.6
30.9
26.2
27.4
30
28.4
23.6
28.4
32.4
28.9
34.4
27.8
27.2
27.2
34
35.6
32.1
31.3
28.6
33.1
33.2
34
27.3
24.7
30.9
28.3
31.5
32.6
25.6
32.1
31.2
30.7
26.7
33
33.2
26.6
33
28.4
33
29
27.6
30
31.5
31.1
35.1
31
28.2
33.4
32.2
27.9
32.6
28.6
27.8
33.9
30.2
26.2
28.5
33
32.8
27.6
27.4
30.4
27.6
28.8
28.5
32
32.6
30.4
34
33.3
31.2
29.9
23.3
31.9
30.8
31.7
33.6
28.4
28
29.3
32.6
28.4
29.2
33.5
31.4
30.1
28.8
29.7
28.9
32.9
28.5
33.2
25.6
29.6
23.9
25.3
27.9
34.4
33.1
33.4
32.8
28
32.5
35.9
31.6
32.6
35.1
29.8
30.7
25.9
31.6
28.3
29.2
29.3
28.8
29.6
33.7
32.7
35.4
26.1
30.2
30.5
30.1
29.4
32.3
26.7
33.3
33.4
32
30.6
28.7
31
29.5
31.7
23.5
25.5
32.5
29.6
25
31.4
36.3
33.6
26.8
26.3
32.3
31.1
31.4
28
31.5
29.1
32.6
34.6
32.4
32.8
28.5
30.7
24.1
28.2
32.2
31.2
25.1
24.7
27.3
26.1
27.9
29.7
25.9
31.7
27.3
29.9
30
29.8
28.3
27.4
32.1
34.6
31.6
33.5
34.2
34.9
33.1
28.5
28
30.6
29.3
31.9
30.2
35.1
34.2
30
35.8
31
30.9
33.4
30.8
32
25.5
28.4
31.8
32.8
31.3
30.6
26.6
27.8
33.7
28.4
31.2
29.1
29.3
34.6
28.8
33.8
34.6
36.1
33.6
29.4
35.8
28.3
34.9
28
28.4
26.9
30.5
33.8
35
34.4
26
32.2
33.3
31.5
32.4
30.1
35.5
29.5
33.3
30
31
28.5
29.6
29.8
30.3
32.2
23.6
28.1
27.4
32.7
27.9
25
28.3
25.2
34.1
32.4
27.5
28.7
34.4
26.2
32.2
26.1
23.8
28.3
28.3
26.3
25.1
33.8
29.9
26
32.4
32.6
33
28
25
32.8
28.8
29.4
29.7
35.6
28.2
33.3
20.3
32.8
23.8
36.8
31.2
32.9
29.9
34.9
28.4
33.3
29.4
25.2
34.9
32
31.7
34.4
33.3
26.8
32
29.9
31.3
34.6
32.3
32
33.8
25.4
30.5
30.3
29.5
28.4
29.3
31.2
28.7
29
26.3
31.5
32.9
25.2
34.7
27.7
31.8
28
29.1
28.9
31.1
33.5
29.6
32.1
34.1
28.2
25.8
27.1
32.2
30.9
28.2
30.6
28.6
30.8
33
34.1
32.9
26.7
35.8
26.7
28.6
19.7
29.8
31.5
