21.16488
25.05005
20.52943
24.77569
16.89621
26.08011
23.15635
16.62045
26.06716
15.46436
22.95382
24.6287
22.04637
25.19423
22.60889
19.99699
21.91371
22.8354
23.15063
19.34443
21.10763
22.71451
25.1436
22.1091
22.77737
22.10167
25.62962
24.98666
23.52629
23.90435
24.09439
26.84857
17.79998
25.32503
25.07171
25.83758
22.85624
19.0156
22.89084
24.38272
23.70883
22.90925
22.48405
22.95907
26.21836
26.90576
17.40497
24.28139
21.46019
26.94456
19.54822
19.86502
22.40303
23.22794
24.74229
24.7525
26.22722
26.56276
21.64685
19.60304
20.17737
20.11861
21.46461
24.4971
24.05613
23.26741
20.48759
23.01304
22.63367
23.94651
21.25576
23.70174
20.83939
22.15489
20.57106
23.46925
23.61904
23.33501
25.98574
21.68099
26.91362
24.81348
22.51037
24.47516
26.7485
21.51631
23.16725
22.62761
23.113
21.26819
20.20152
20.79392
25.60377
18.32313
23.81193
22.18253
20.48876
23.68904
20.93653
20.48882
23.5877
22.55698
24.21166
21.59768
22.97612
26.88853
23.28147
22.36498
18.73796
22.03451
20.45733
22.86539
25.77842
20.5623
24.78137
23.98668
23.61448
23.00734
24.68336
19.76049
25.14932
22.20174
22.00514
25.97227
20.18155
25.82467
25.18781
23.20968
18.66721
22.75874
24.53316
22.57984
19.52778
22.64635
23.7567
22.68433
27.38983
27.32576
21.9511
25.22661
24.06569
27.06236
24.51863
21.33349
19.36436
20.91853
23.87052
24.63326
18.61573
24.21061
25.44113
26.05144
20.56944
21.14729
24.83396
22.65003
26.87286
21.37757
19.72785
23.72923
24.74414
24.50999
26.38091
24.08288
25.82002
27.05478
23.97399
21.33077
21.96246
22.68127
21.03935
24.30273
24.46939
22.71783
20.26773
21.84161
24.0371
25.72172
22.63985
25.71546
21.90224
20.4105
22.22541
24.41068
20.52483
23.14835
22.27603
22.31323
25.82579
24.19598
21.12675
23.40515
20.95378
23.27046
22.04619
25.23295
23.18505
22.9207
24.72666
22.48998
23.04068
23.3933
21.58652
20.33989
23.97381
22.09002
21.64629
19.00459
23.61713
23.6639
21.78956
26.55296
23.77404
21.18828
21.87982
21.00042
24.32142
19.56243
23.31039
25.89021
24.1202
22.71739
19.28156
24.84812
22.91907
23.83548
21.05711
20.41779
21.26447
24.03251
24.53784
23.90672
15.18521
23.86788
21.52753
23.23344
23.94867
22.10036
20.75074
25.08956
23.8674
26.17594
23.06811
26.73445
26.92968
24.40399
23.96692
23.96474
22.72291
19.2725
23.48899
21.6756
21.62022
26.05949
21.27251
27.20542
23.08574
19.08093
22.869
22.89155
24.26101
26.99965
24.5674
23.50409
25.20081
24.45922
22.04244
24.79348
25.65429
24.08499
24.62605
27.60384
22.42594
22.87904
18.08163
23.55071
21.93863
26.28432
21.16875
23.26896
22.15973
24.04822
21.16405
21.98807
24.03623
26.57318
18.66767
23.81468
19.1649
19.53004
23.18871
17.65552
24.63523
22.04265
18.36863
23.73314
20.03498
22.3077
23.3154
20.48206
25.57344
22.26453
23.05062
23.66259
24.40409
20.89844
24.91541
22.9446
20.45819
23.75961
19.81199
20.50905
23.41515
22.05843
21.88313
17.97468
22.8014
21.87444
24.59523
22.8308
23.21634
25.75848
22.70591
24.47516
23.73878
24.34994
21.26529
23.82376
23.19465
27.42485
16.91962
22.32046
21.70145
21.24897
23.05817
20.44352
23.67956
25.5198
23.26455
22.24901
24.54029
24.83087
19.80118
23.82918
25.1494
26.94081
26.96607
21.29013
25.22805
22.7833
21.09363
23.68624
27.38533
26.13755
25.1442
21.17616
23.40731
25.75591
21.01207
25.30985
21.95878
20.93372
26.89306
22.86673
21.8651
23.29491
23.61667
26.08405
23.49496
23.03984
19.04989
24.42423
20.40936
26.3688
23.90453
22.6286
23.50593
23.22906
23.01706
27.32253
18.90247
22.10265
20.84688
23.89986
25.86754
23.44406
20.3033
27.26886
21.00562
27.10663
22.71449
23.44584
23.16938
22.19779
20.36682
25.37362
18.47334
24.92177
20.71039
22.84492
21.88118
26.18221
27.11304
22.87416
22.35941
22.75233
22.92155
23.8138
26.20677
23.61876
25.40309
21.66813
21.3939
21.81252
23.88634
23.99838
20.65668
22.1207
21.7469
23.30118
25.65373
26.81621
20.76678
26.29847
26.00533
21.47924
19.76359
21.34848
27.70976
22.07208
23.93448
25.76594
15.49035
23.44981
26.82578
25.54543
21.46507
27.72475
24.79132
25.59816
25.48706
24.5767
23.6852
24.74346
21.82141
22.47318
27.35022
20.09638
24.30479
20.99653
26.79611
26.01757
27.01999
24.64958
23.88839
18.9624
23.97313
24.15833
19.91176
24.19865
23.76474
17.01467
20.36678
25.99932
21.96952
23.2058
25.78574
22.38754
26.77695
22.56735
26.44069
27.0247
23.19031
27.40751
24.29951
22.44742
23.78622
26.09954
15.24344
23.6556
20.29456
24.30864
23.01779
27.16297
25.01733
18.28263
22.21605
21.44511
19.30737
23.72474
21.42406
22.07102
20.65532
26.8903
23.16496
25.09236
23.808
23.20392
24.89233
21.63046
20.90735
20.45849
16.84151
24.14205
22.66968
21.43251
20.18293
25.75564
27.25481
18.95279
24.65391
26.24118
25.6288
18.19457
22.72184
26.49412
23.17689
24.73297
22.78737
22.86436
22.18682
24.87622
22.06778
22.45724
20.65351
23.89155
27.39678
21.40593
19.89976
22.26638
24.34858
26.07016
21.28674
22.92188
22.27738
21.75411
23.13199
21.67912
24.85385
24.21298
19.53671
22.46799
26.79963
22.55053
23.82081
21.92015
22.51404
23.95686
26.3135
27.32385
22.5455
15.70485
21.57354
27.56024
23.09806
23.91146
26.83346
21.31381
25.00945
23.50211
23.69336
25.94373
24.1941
23.00929
24.02052
24.07417
18.10287
19.49645
20.64935
23.75165
26.94823
19.88641
24.77615
20.91093
24.46656
23.30561
20.11477
23.97756
22.23697
22.50005
21.61092
27.35879
23.33488
18.20588
22.04426
19.78077
17.37489
24.16559
24.01131
23.1828
23.53704
25.40053
22.7977
21.49339
26.92028
27.13145
16.48391
24.73826
26.88225
23.26977
26.95711
25.9659
24.04149
22.38472
17.10078
20.5632
26.23419
24.27533
25.4991
23.93545
19.26779
25.89007
22.68999
23.0419
24.96795
16.51181
23.04247
24.37472
24.13172
24.56186
22.29147
23.42596
24.04516
24.74961
24.60786
23.69137
23.59499
20.98402
24.64853
20.31549
25.45479
20.71188
22.15176
25.13386
19.90611
24.74631
21.04509
26.89736
21.81404
23.84339
19.76685
23.48577
22.48547
22.3657
20.1187
25.89179
19.34785
21.32297
22.96282
23.10181
25.71714
21.1372
22.07192
22.15749
22.23096
25.11632
22.79169
22.25425
23.37547
21.56497
18.84299
25.59073
23.04455
26.07642
19.50048
22.23004
22.3507
20.6799
23.12372
24.34809
24.97614
24.45091
23.60215
19.74143
21.07824
20.62678
23.85595
22.24245
22.11852
25.17146
23.49759
23.90992
24.641
22.25754
22.44858
26.08754
22.21167
22.89583
19.45309
23.0801
23.36573
24.3011
27.65805
24.38337
23.92755
21.55181
22.0192
22.15136
23.13587
22.12406
23.94712
25.64468
20.11355
20.89603
21.12261
25.17239
22.82996
21.74848
24.34081
22.94258
22.67836
25.5685
24.24267
22.16375
26.43846
23.33025
21.4521
24.57388
18.71091
23.9362
22.94579
18.8771
24.2857
24.0094
25.5592
16.5377
24.67881
20.9921
21.02017
20.90622
22.20557
23.86247
27.03969
24.57432
24.64377
27.55687
24.60096
23.27045
19.59822
22.66289
17.83869
23.96105
21.67388
22.54884
26.84433
22.11779
21.03276
24.11149
23.44966
23.35505
23.82025
21.06876
22.51161
21.41428
23.88479
25.87903
24.91342
16.97263
25.47878
26.11595
23.2974
18.74723
25.04611
23.36034
27.79761
18.65663
23.53362
25.36519
23.11608
22.05062
26.38387
21.24218
22.15414
21.22343
20.14914
24.10718
23.76614
21.37303
23.26252
24.34796
23.89041
18.88832
22.23916
25.94094
23.95432
26.82895
22.58702
23.86792
16.50666
23.1859
19.46998
19.77732
21.74837
20.86658
18.77853
23.30335
24.53993
22.99198
25.23258
22.60985
20.83338
22.95572
23.59451
25.44454
24.56795
21.89081
22.03425
21.61259
23.99679
24.44859
21.52401
19.70755
25.78214
25.85437
21.83009
22.54159
21.30705
23.70981
22.13433
24.70736
25.07348
22.36764
23.56471
23.57986
26.62606
23.65377
18.7852
24.22384
21.23647
21.22297
22.6577
20.63867
24.19539
23.42312
24.84202
26.37243
23.87698
22.65477
26.37045
21.59504
25.09815
27.27463
23.49807
24.42496
20.0943
21.53502
15.52821
24.34493
21.70422
23.59743
23.97955
24.59589
22.59232
21.54209
18.55535
21.32638
25.1155
21.77397
25.2672
27.3317
20.02426
18.9841
26.98878
19.84884
19.93283
18.02331
22.25193
19.30834
26.3948
21.4522
21.70728
21.85079
21.70888
21.1393
18.38708
24.11659
24.83413
22.27242
24.65557
21.87964
23.28379
20.83782
24.60585
20.51051
24.48466
24.99076
19.79538
25.57878
22.57819
23.25872
21.76912
23.6779
21.07843
23.29465
26.74427
25.28432
22.60022
26.98492
24.12293
17.88261
23.91548
22.16018
24.45009
26.18491
27.13421
20.53202
24.61373
21.21118
22.90808
26.16839
23.65911
26.62013
26.28835
22.27456
23.61737
15.91066
27.02757
26.5592
23.84706
25.91654
26.61432
24.86641
22.52928
15.82408
18.57527
21.50522
19.98072
24.4777
20.23322
27.19633
19.95412
21.63306
23.01598
25.67715
24.37437
26.68995
19.13754
23.67187
19.30458
22.01586
18.10031
20.12819
25.74788
24.27503
19.23502
22.90286
21.60452
27.55451
20.67314
22.41148
22.65623
26.0128
24.70833
27.23188
19.43603
19.87748
19.65612
22.56388
23.99499
26.85621
25.8359
23.13515
22.95165
24.73739
20.38563
24.55769
24.91949
25.83137
20.66849
22.64415
20.81924
26.56915
20.75
24.40443
20.36345
23.93245
19.88084
21.34946
24.27782
22.43279
23.4384
20.40303
20.63077
20.35328
24.77176
21.93031
23.8265
22.41029
21.22607
20.38142
25.14713
23.79122
22.29394
25.5204
23.33315
24.50074
22.26861
24.62674
22.12227
24.12749
22.93514
23.04795
22.53691
19.84618
24.03328
19.96299
20.54683
23.57797
24.69069
26.16593
23.78864
21.2887
17.80372
21.67857
20.73302
23.91728
20.91178
21.22827
20.9477
23.43666
22.91219
20.115
23.71316
21.24607
24.45142
23.68997
17.99265
20.7436
23.54512
21.41128
24.77629
22.07464
23.03475
20.4405
25.35747
24.76675
24.88264
18.29153
22.23794
22.03209
21.31891
23.03801
20.52393
20.67499
25.45952
23.32276
24.06981
22.1542
22.54677
23.32886
23.10623
22.49386
24.2296
26.33261
23.34623
16.83417
22.76857
25.4095
26.41219
26.36091
23.47566
24.91452
22.14742
22.16357
24.0909
18.90254
22.82355
21.71861
21.86565
19.58644
21.86397
23.15924
23.44321
25.21021
22.99603
22.44722
24.86346
20.38755
22.27834
22.17616
24.54238
23.22559
23.96673
23.62981
20.44848
20.31523
16.00655
24.09757
19.39183
22.23163
20.36388
23.41453
25.48445
24.11929
22.91335
20.81846
23.81637
21.67327
24.1996
22.061
23.77474
23.13318
24.30701
23.13564
20.49598
23.51777
26.45526
25.2541
23.51079
25.51009
25.97596
15.182
22.64817
21.28442
24.95411
17.21047
22.23069
23.33659
23.48437
26.66515
19.66113
19.62285
23.24225
23.07451
18.69992
25.26572
27.04064
27.25936
25.01247
22.1546
21.86614
20.03033
25.12826
22.44422
23.42146
20.83167
22.78668
23.59159
24.16164
22.86654
20.74827
22.49454
20.70355
22.85632
21.06412
24.53602
22.38561
23.57038
27.12348
24.03985
24.20878
23.09342
23.03856
21.14056
22.07984
26.4437
16.78796
26.42075
21.40021
22.90224
23.62224
19.89507
19.05685
25.49032
27.1946
19.44072
22.09649
22.49557
23.18546
22.33393
20.08531
24.23879
24.64025
21.30842
22.75447
26.80339
18.94493
20.92474
26.28749
23.43472
22.67275
21.4251
23.99281
19.48405
25.58585
21.86439
21.62611
25.88039
22.13341
24.97532
24.05347
21.26157
23.94472
21.38301
25.72574
24.53798
20.31124
19.6343
25.93858
23.59368
24.34705
20.1295
22.19061
22.18702
19.84868
24.75299
22.51344
20.92766
19.40749
23.53395
19.37089
24.41539
23.85767
26.19701
23.61702
22.6526
22.77227
22.56838
20.71194
21.96856
20.04293
21.73988
27.22859
20.80493
18.60335
21.88197
21.08088
22.20235
22.4905
23.80077
25.35142
20.62142
18.95309
24.23966
23.84229
22.85197
28.16381
22.37666
23.4369
19.04966
25.95193
26.7642
21.53031
20.26836
21.11208
19.75644
24.32934
24.13443
26.03317
19.80124
24.5095
23.19325
23.50739
20.78608
21.72832
22.50224
22.88489
20.83712
22.36231
25.29113
23.94335
25.2805
20.67648
26.69423
20.18184
23.81541
23.59206
26.63537
23.83022
20.92165
22.59882
19.09602
23.65046
21.60515
24.46425
20.40378
24.0953
21.04533
22.33385
23.31057
21.89662
26.83072
23.36548
21.49576
22.4901
23.58616
26.22064
21.28485
21.67056
26.79752
25.01482
22.28711
18.5297
17.59695
19.92621
25.84113
24.46659
22.16411
23.35173
24.6551
20.75022
25.7483
25.47664
27.19924
23.52596
20.09165
23.37833
20.51405
26.94143
27.36599
20.48227
18.91853
24.04518
23.19206
20.39584
21.87481
22.2573
22.49346
24.28517
21.40613
23.49215
21.38694
20.88124
24.40911
19.53013
22.69613
26.82604
25.59862
20.88392
21.57552
21.99911
25.04505
23.43134
23.1435
19.45536
24.02709
25.03105
22.07689
24.1596
20.13243
22.80765
19.52118
22.87697
24.42338
23.81677
25.37692
25.82734
23.36939
20.30028
23.91262
23.47364
23.3655
23.14034
22.63204
22.35441
24.33985
26.37782
21.88515
22.54163
27.28961
19.1379
23.43495
20.63649
21.33405
21.84953
20.70253
23.06401
24.1139
25.06635
21.40476
24.20825
23.26744
25.30835
18.35
23.98102
23.77509
23.11909
21.18485
21.99749
23.24058
16.94745
25.26566
24.73415
22.15613
19.60874
25.10881
23.06505
22.47917
21.69754
23.48555
26.36472
22.04888
25.4953
23.2751
23.43411
23.2131
21.31012
22.06737
23.07912
19.6523
23.31344
23.86301
22.70869
21.96211
23.08475
22.67379
19.86716
19.07999
17.24327
22.86894
25.69774
24.995
21.47631
23.3331
23.46242
24.92714
18.23359
23.97456
23.96552
26.58673
22.82784
19.9231
23.06612
23.86017
19.64937
25.51689
20.40739
22.08768
24.41881
20.22264
26.58561
25.75725
23.05659
25.3696
24.43822
26.0028
24.38731
22.03365
23.48471
23.09549
24.42867
21.24265
21.92785
23.30655
23.46963
16.84483
22.15026
22.94373
24.98947
18.09307
26.69415
22.84698
24.65328
17.51843
24.04836
24.84665
23.55844
19.65948
23.37834
20.22128
24.37711
21.11457
23.52626
19.95221
22.73143
18.85162
24.40232
24.76916
20.32495
24.35332
21.40151
19.84997
23.86009
25.69173
26.54077
25.07068
21.2754
19.44061
23.23491
24.44336
23.83633
23.25177
20.80486
22.18888
17.71469
23.35506
24.14709
21.64022
25.71439
23.86003
23.49236
21.78473
25.01455
24.1322
23.57326
23.02799
22.52574
20.53445
23.85504
23.19808
23.10736
23.68638
23.29594
22.96008
25.30304
20.85343
19.92265
23.34811
25.31166
24.10164
21.18728
18.85092
21.81168
22.49139
25.27681
22.17558
21.60287
22.70928
22.38253
22.73053
25.61254
24.71519
24.23013
21.11204
21.7897
19.29323
25.72882
21.22323
20.5773
26.18659
23.76517
24.8398
21.74841
24.37321
24.85866
20.7794
22.78792
24.4051
19.24219
20.67498
21.67773
22.80649
22.67194
18.99177
21.47972
22.34695
19.98652
23.38941
21.73114
21.75199
22.74357
18.8206
23.36039
21.07707
23.13842
22.59008
25.45679
23.54582
15.27672
24.72348
25.67636
20.63052
22.72615
23.4806
25.48299
22.3372
25.97717
25.41725
21.53207
23.25947
15.82671
23.77416
23.571
23.92788
22.59566
25.2364
24.45284
18.16741
24.42392
22.61697
21.20528
25.38536
22.87073
21.06056
23.22091
20.65104
23.51281
25.59984
25.89835
20.18087
23.76755
16.96719
24.10089
23.08938
20.8109
21.8236
27.26705
21.48729
21.45524
25.93464
22.9567
22.31385
22.76592
21.10059
21.58747
23.5444
19.83923
21.42781
16.63506
21.35307
23.87837
25.06373
24.0687
19.84184
22.32546
18.57682
25.1462
23.1701
24.16912
22.59632
17.97548
27.52074
23.3125
24.06264
21.1365
18.89033
21.06035
17.56971
21.82891
26.01691
23.46227
20.62527
23.6729
20.56582
21.68596
25.87964
23.11633
21.7563
22.37918
15.95348
25.35001
24.83827
20.60362
25.9957
25.90148
23.96437
23.30644
23.52919
23.827
21.58207
21.31794
22.02504
24.68464
22.12205
19.70816
23.53233
23.15321
26.96101
24.57149
22.57844
23.11768
20.16943
21.71864
22.11861
27.00982
23.12345
23.47693
22.83192
23.94561
26.26188
24.30966
24.61668
22.34209
18.04148
23.2845
20.81777
24.24143
27.38301
24.20556
22.89112
25.36876
23.34204
22.32041
25.87279
22.9625
25.69888
20.8961
22.48312
26.70074
23.08322
25.37227
21.58325
23.5216
20.41085
20.27487
24.15977
25.60856
24.95778
23.1581
21.45681
23.88877
21.51519
23.05682
17.31279
21.51671
20.82841
24.20134
23.30586
24.99855
22.36522
24.1703
21.69714
24.78089
20.06578
23.30261
24.46917
23.11715
24.20127
20.51685
18.26897
21.14112
22.2991
25.44033
21.19757
21.37708
18.66134
23.37932
20.21972
23.34497
24.54394
21.20637
22.55445
22.49383
24.47688
19.75875
21.14992
22.91579
24.76429
22.39228
22.57166
17.28691
22.26244
21.22511
21.75341
20.63494
21.23121
23.60007
27.43674
26.5702
19.91459
16.1695
24.64948
23.98511
23.25536
23.24267
22.54025
23.69998
18.09053
21.63943
25.13482
20.59517
25.2269
22.57224
23.95178
24.59418
26.5036
25.98626
22.37774
23.36225
23.09219
24.24817
25.80412
21.45436
23.41747
21.94478
25.36805
21.42599
23.5759
21.1026
18.87063
22.43513
24.75797
23.07357
25.84085
26.39499
23.01681
23.36127
19.96776
19.19975
24.34554
27.12181
25.19491
23.305
20.78673
22.67826
24.4322
23.74069
23.94617
24.35943
25.77753
20.02571
22.83364
25.38585
23.55503
20.10667
22.8032
22.83449
27.00489
23.28803
22.94398
24.52462
22.48419
20.11794
24.35625
18.5633
21.69361
24.43629
24.22724
20.63178
26.11036
24.64634
23.61021
25.00422
20.73404
23.67298
23.13301
22.1941
21.19962
25.35026
19.56678
21.67164
25.35488
20.04018
23.18935
19.47932
25.11368
20.18233
21.92734
20.72029
19.07987
24.53837
20.78522
21.46127
20.31945
25.59268
26.87321
21.6781
22.5951
23.49961
20.89166
25.62656
18.9127
24.69069
26.45989
23.04815
22.59329
23.17534
25.01843
23.05875
25.31998
20.79606
21.70661
22.27245
21.873
22.3007
19.35738
21.2797
24.21539
21.64823
23.71836
23.11982
18.40329
19.37235
22.49566
21.43729
17.6432
24.94784
26.17066
21.89091
24.34265
22.61448
23.92162
20.9861
24.23246
22.43255
23.56102
23.86857
24.82939
21.60972
23.31295
17.58529
21.90373
23.21662
19.18536
16.99488
23.06232
22.99519
19.99096
25.04952
25.26805
23.87172
22.41079
24.93205
26.16459
22.18308
23.68237
21.60442
27.31295
22.65411
25.4809
27.25925
20.41239
20.08532
15.82963
22.34498
25.74656
21.66812
19.58263
23.7284
25.01579
25.39456
20.50481
20.85267
18.95759
26.47497
21.50368
22.71697
21.07864
22.02929
24.1791
22.59319
25.20769
23.20549
23.18474
25.50302
21.58235
22.92802
19.42258
26.93397
25.30956
20.46757
20.79934
22.50636
21.67405
20.71386
20.15858
24.4463
23.52955
19.89207
25.53104
26.7988
25.72533
23.94664
19.84424
23.93726
19.22834
21.3778
20.74612
21.6492
26.95061
23.95043
19.94884
21.74716
24.5026
25.17378
21.45185
22.74531
20.08411
24.50419
23.96506
21.20543
24.59309
27.93758
21.61653
22.58786
22.91576
24.64101
22.43134
19.51818
20.91392
24.70366
26.26077
22.93661
20.83066
26.24335
21.01982
24.68061
23.43072
20.94297
23.84094
21.42073
24.02517
22.87048
21.71556
22.5969
20.50998
20.49761
23.85475
21.61253
25.32095
24.2709
20.52107
24.87963
22.78669
21.86361
23.30668
22.82764
21.20271
24.37406
23.90574
24.46124
25.12664
22.76615
25.23112
22.05379
17.82307
25.0319
22.80001
22.79063
23.71143
25.88938
23.44262
20.19054
25.80804
20.14069
25.18384
23.59631
22.93685
22.0508
26.18391
23.33252
24.50776
21.60887
17.85965
19.31726
23.78267
19.63795
21.99001
18.03209
21.57537
20.2845
22.18605
23.80659
21.18521
23.6232
23.95543
26.17486
23.59059
25.36707
20.63526
27.4488
20.52247
27.42314
16.78022
21.85199
22.51908
22.09318
24.97982
20.55017
23.87918
25.97534
20.43017
23.41595
22.80045
24.78801
26.91483
23.24234
23.07372
21.72013
22.29892
25.34798
24.13253
22.68606
23.17516
20.21861
23.74481
19.85419
17.11842
21.41953
26.1922
24.71364
23.75033
21.23546
21.23775
22.73592
19.3057
25.53971
23.5082
18.00872
26.17452
18.95512
22.27846
24.35437
25.47242
22.30622
25.32353
21.78209
24.97115
20.46508
19.00529
24.74322
27.53451
20.92897
25.63685
21.8131
23.73909
20.17172
24.08244
23.60013
16.65298
21.95205
25.06925
19.79204
26.29144
21.94051
21.02995
20.67576
20.94944
26.5446
25.94805
25.30206
24.37456
19.88271
16.95645
23.65523
22.1364
22.88562
16.81547
19.60388
19.64727
21.05366
23.22342
21.7716
24.07006
24.00441
22.54666
24.17415
15.10866
26.41274
23.64614
21.10245
25.53364
21.12355
24.48011
21.79602
24.48148
22.96749
24.87137
23.0623
25.23171
22.40217
23.12667
25.03235
22.44175
21.79146
23.76311
23.12846
24.98454
24.77581
18.81497
24.16882
24.14566
26.43438
24.31059
18.70642
20.82834
24.62857
23.81844
16.51086
23.49244
25.46559
24.49017
26.83455
24.12733
20.5786
18.31496
24.52401
22.02908
21.84905
24.12031
22.28106
22.57738
26.99239
26.34904
21.57398
21.90953
22.27837
24.30637
22.62976
23.97376
23.33018
25.01797
24.18205
20.31107
22.4748
21.35905
24.44033
22.63339
24.95572
23.14085
24.36116
22.92585
26.42915
25.54491
23.9804
25.02942
20.40369
22.59069
20.11877
20.19918
20.58241
23.25896
24.87509
27.56176
24.19584
24.16787
23.40693
21.35592
23.64145
26.73045
22.71439
23.06772
21.09179
20.68137
23.80163
23.80244
25.61216
20.42411
23.76836
26.5525
21.44184
23.44588
21.1479
23.01645
19.82895
21.72071
24.3412
18.53447
25.65561
20.88471
19.81465
24.0031
24.55202
22.86966
22.88444
24.49799
24.86753
24.93887
24.23304
20.46087
21.16522
21.92931
22.96898
24.14461
21.34183
17.66536
24.44051
24.96879
19.29834
24.19246
22.70198
24.57836
23.99521
20.59269
22.32232
24.22052
27.08139
18.23054
21.24059
23.31352
25.42532
25.56874
22.40078
23.33902
24.18597
22.42934
21.08475
21.97228
26.22914
23.66249
25.86678
22.55009
20.05258
22.62324
22.29322
23.77057
21.93292
23.7198
23.56938
23.81314
23.27413
23.35668
25.69444
23.18199
27.98571
25.72894
20.14676
26.0025
18.57189
20.92245
19.34104
21.40464
19.63
23.68206
20.84574
23.81101
23.96058
26.996
26.92209
22.7315
19.54497
22.70346
27.3338
23.34105
24.19574
20.77209
24.64861
22.77399
24.6525
16.78087
20.99604
25.58004
19.7518
24.52069
21.42177
26.48146
22.10149
23.03555
25.06002
21.4015
24.10374
24.9965
22.04013
26.51221
27.51658
23.48928
23.19009
21.8731
23.07043
19.30942
22.67923
21.95103
22.41931
22.45893
20.90474
24.38846
23.93836
25.14054
24.88077
23.29876
22.95699
25.038
26.70511
20.68742
22.92902
20.26074
18.63337
25.81743
17.65406
17.33461
21.78813
25.08678
23.98668
25.19481
22.99861
21.03909
27.03904
23.80994
20.45934
21.74571
17.97849
22.08246
23.00714
24.19959
22.80739
18.17169
22.24856
22.16322
23.39159
20.42087
25.70258
21.65666
26.29169
21.75035
22.18258
21.07735
21.01396
23.75458
17.029
22.7117
22.23001
23.56346
22.7477
23.12835
26.3053
20.53891
24.17802
22.00055
22.01289
23.22758
24.72928
18.60746
20.33663
25.60584
23.78848
21.81598
24.59445
22.89573
22.79066
25.86109
24.78238
21.49353
23.70396
24.61441
19.383
27.28384
23.14462
24.85997
22.66035
24.43464
20.47143
25.88823
22.67545
24.05772
24.54693
23.30699
23.04965
21.65384
23.36943
22.30138
26.59717
23.82659
20.24777
20.2905
21.76328
18.35075
21.2602
23.4929
24.08427
17.0599
21.5765
24.18404
26.95125
21.74341
19.75834
21.49884
22.69992
24.32215
23.63785
22.15128
25.69757
22.06133
18.97273
20.96608
25.70393
23.77096
22.84208
20.46637
27.48769
24.51518
22.2442
20.51112
21.54022
20.07232
25.07426
20.45197
25.33721
21.48617
22.1254
19.86512
23.27402
17.09513
23.5441
23.49763
16.84756
23.82194
19.9655
23.52345
22.94874
21.7032
26.90622
24.17251
22.4255
26.67668
19.94042
24.27642
24.23563
22.68673
22.10194
20.58743
22.5206
21.38035
20.20725
22.74303
23.67756
26.21295
27.27712
25.79854
24.68684
22.85925
22.76262
21.96326
23.31491
23.76077
19.67126
26.02689
22.91181
23.78293
23.3411
25.92254
17.65392
22.29372
21.96324
20.65249
23.34556
23.4361
23.2173
16.61876
24.57615
21.3768
25.68214
24.12715
19.8259
25.64122
25.87814
24.40506
20.33178
24.69962
16.18055
21.95782
25.06884
23.91172
22.68466
18.72539
21.06975
22.90026
25.57673
25.37406
24.29671
23.96266
19.56386
24.62506
19.95828
16.56999
24.54077
23.44114
23.22286
23.19922
20.42346
20.76377
20.32086
23.44668
21.78747
26.06554
20.69501
21.22809
26.06677
18.47642
23.21922
18.0435
27.57099
27.45988
23.5703
24.45051
22.66108
20.8935
21.70074
22.23259
22.80364
24.90987
23.14122
24.10931
22.1913
23.53167
24.40145
26.42168
23.35749
23.90421
20.98937
21.03376
20.65312
27.51861
24.89289
23.74182
24.28755
22.85807
23.79485
21.05371
23.63234
24.25279
24.20026
21.98512
25.91086
21.44971
25.49532
25.85773
21.95061
25.58774
23.02449
25.28399
25.14196
21.14139
21.79133
24.23575
24.46782
22.97173
23.96065
27.16009
28.06906
19.94191
26.5638
22.62305
23.92508
26.92713
24.29961
24.32713
24.40391
19.47905
26.91445
26.60987
20.39275
25.19186
23.13354
20.72354
23.68246
22.02308
22.67656
16.57212
23.65155
25.61213
25.26482
21.87734
23.3991
25.27571
26.56455
25.51655
23.17621
16.84298
24.91679
24.52492
17.86596
21.78475
24.15144
23.37271
23.21308
23.01215
24.77459
23.92465
24.81869
21.54586
22.52152
20.17826
20.87453
25.11258
23.16991
23.01878
23.95739
26.06839
22.07278
22.36127
26.55722
21.53398
24.09319
24.11658
24.41924
24.89839
21.56345
25.06812
24.19318
24.28113
26.29747
23.02015
21.75234
19.70956
23.10765
22.39991
23.49787
23.85615
18.25665
22.22706
24.49631
24.76804
23.77227
24.59614
24.02686
25.00738
23.98926
20.43984
23.60762
22.46777
20.17437
22.56318
25.55256
20.53167
24.78078
22.52244
23.84
19.34497
27.56593
23.66148
20.6267
23.11401
25.76625
24.42861
25.34012
23.59566
20.28926
26.47039
25.22319
20.63399
25.00344
22.79597
27.18017
23.02841
23.22793
21.45366
19.89947
23.41784
20.89318
25.75982
22.5185
24.40127
24.31226
26.87867
21.404
24.38625
20.77103
22.26651
15.45989
19.27009
21.38749
19.99397
24.25643
24.22718
26.57831
23.90419
22.99968
18.41369
19.82478
21.70938
24.3105
24.85728
25.49472
27.37685
20.99579
23.92564
24.4299
24.08745
20.7828
20.3906
22.02026
24.53477
25.8651
16.29807
26.31119
24.86376
24.73813
27.58912
21.81694
23.59326
18.96231
22.39754
23.75143
18.91311
22.85088
22.51731
22.41945
25.00763
21.83389
23.45367
24.77661
22.45153
23.49155
22.54227
25.17179
21.74427
24.59207
22.5848
17.67719
25.05506
25.32479
26.54315
20.47852
18.15836
23.26967
24.45826
21.25788
20.56179
20.61703
16.78446
21.6459
25.14314
15.76004
19.4999
24.79711
19.91056
23.02921
22.84414
21.2333
25.31781
26.08719
25.48928
25.23183
20.25764
20.73613
25.75133
22.50588
27.30112
23.96459
22.43607
19.409
24.38778
21.7843
24.45702
26.22052
18.26091
23.48475
23.07539
23.14042
25.52569
23.00583
22.25788
22.85173
22.32593
24.17444
26.44798
22.16243
24.71224
23.99584
25.84367
20.97002
22.17363
19.97165
19.41699
22.89475
19.91731
22.60866
18.09276
20.64014
22.03998
21.67304
21.3819
22.0963
23.35012
25.50263
20.13471
22.71199
19.79265
24.30474
26.54602
21.53818
23.82488
22.91392
25.31445
23.26028
23.85152
26.99701
22.48291
19.41746
23.11402
24.78958
24.79629
26.34054
24.6249
22.91038
21.74286
27.18471
23.77421
23.3959
21.91955
23.23928
21.30415
23.20249
23.41066
24.24206
18.67812
19.13214
21.90486
19.49179
22.83374
20.81977
24.11743
21.63914
21.76443
24.21507
24.72154
21.12103
23.22613
17.91974
24.63791
23.20624
23.94106
23.80252
22.46485
22.5172
22.01007
22.13629
24.56918
23.69168
18.07941
20.86583
20.65216
21.18277
24.39695
21.09148
23.57765
24.26463
19.8492
20.6882
24.9678
26.80715
22.77402
20.16728
22.50652
24.42413
22.83233
22.9502
24.03738
19.63995
22.30814
22.51169
24.54382
20.82013
22.47384
22.46843
24.30806
27.35395
20.98619
21.72564
26.24662
23.78513
23.3214
26.28279
21.77985
25.32511
22.39689
23.68551
24.146
22.63926
26.06368
23.57379
20.41099
20.3178
25.21027
24.93689
23.03438
24.79947
20.49967
24.12803
22.70473
21.31253
18.82847
25.0617
20.95543
19.61086
23.66531
18.87973
20.19658
21.19191
24.61438
23.03188
20.40156
26.90646
24.86989
22.64355
25.78919
20.5777
21.54885
23.33461
23.17056
21.27596
21.89544
24.48088
22.38348
24.51971
25.0496
26.69749
22.09824
21.49698
27.21031
24.44833
25.09192
18.18362
24.28143
25.52337
26.83092
22.69453
23.7037
22.53152
18.33657
25.42949
18.30076
23.51783
22.18923
17.86399
23.77834
26.88232
22.3929
25.38152
21.82081
26.81473
25.3403
22.02264
24.76694
23.97211
16.72198
24.23384
21.94413
22.83236
23.11529
22.77418
22.8488
23.582
25.46252
24.31489
20.34415
22.80868
18.33396
25.84437
21.90358
24.99978
19.48019
25.48934
22.66581
24.79888
24.19069
25.09656
17.38576
20.1306
22.29507
24.48925
26.25043
22.60869
23.32875
17.94919
19.89907
21.63076
21.04658
26.40923
23.75069
24.16439
24.82197
21.10814
23.43658
25.84122
27.34053
20.04938
23.4577
27.17569
18.73863
23.53476
25.80437
18.76694
25.91393
26.26785
22.5601
25.05285
24.04515
23.63759
24.78026
22.7963
25.98824
23.16293
23.62051
26.1132
22.18758
23.05163
20.33622
20.89911
21.74914
23.67045
20.79352
24.7487
20.62063
25.84212
26.17715
19.87151
23.99285
26.12803
23.38949
22.24801
23.53452
23.36291
26.3577
26.24536
19.37574
24.6408
19.16999
23.3928
24.19323
24.48403
24.75696
27.04638
24.72179
20.32251
24.38332
25.53073
21.45924
16.6621
20.70677
21.22619
20.21894
25.8764
24.31093
22.22471
22.48506
23.7503
23.4549
25.28156
27.54403
20.46864
26.82061
26.53751
23.5067
25.74955
20.44701
22.9467
25.08776
20.33161
20.41931
22.62748
22.77432
22.34613
24.90038
19.61241
22.01049
20.53603
19.43244
22.8634
25.82102
26.24974
23.11128
25.55809
24.65646
26.68986
21.27209
25.46335
26.13879
22.65812
23.25435
26.89598
17.88516
24.55747
25.16463
23.22906
19.7017
20.80056
22.32947
27.42925
22.50237
22.57757
15.20209
25.90403
20.73725
20.94588
25.12171
25.60199
23.19342
22.39226
25.40321
24.06212
24.27151
19.79011
22.14905
24.95816
23.59882
22.83557
20.20094
24.9662
22.97001
20.85225
22.3807
23.18084
20.49717
24.83976
23.53579
26.53288
27.44276
22.67693
23.7034
18.84098
26.60434
25.42098
26.60164
25.09858
21.66535
25.0336
23.8298
19.45309
22.36653
24.13224
20.71825
17.50718
24.7022
24.63309
26.53144
21.88547
24.38319
23.81661
28.2787
22.49565
24.6178
23.81233
24.46955
24.69791
21.6696
26.43352
26.07479
20.59384
26.89005
24.53451
22.43169
24.97227
24.00332
20.40998
24.65475
22.61845
21.43533
21.87929
22.91434
24.96058
20.5687
22.92835
22.9616
22.73222
25.77758
16.43576
23.597
22.69431
22.18518
20.63621
26.62326
23.34877
18.04521
27.01351
22.69638
18.91602
24.33809
22.33658
26.4791
15.22143
22.56659
21.20286
25.3912
26.52872
24.99608
17.44758
24.3847
17.89844
22.97838
23.54148
23.37344
26.531
24.17786
23.20945
24.35267
25.08262
23.27293
25.89852
21.7744
24.15031
24.47832
23.46909
27.20397
21.44884
24.79938
23.12646
20.24126
26.89159
24.09764
24.88319
19.52007
24.65743
24.8786
21.07686
18.96832
24.64203
19.07415
21.33151
24.24131
22.62486
22.10549
25.99505
25.65241
24.03293
24.29202
24.58822
17.97692
23.22886
21.37539
18.1308
20.75078
23.86613
23.66283
23.88187
22.82372
20.33486
20.36348
24.60617
19.86853
23.75436
26.37055
23.51104
20.73798
20.31063
24.77005
26.36734
26.63945
23.82329
20.61035
21.98535
23.48685
24.01198
23.33102
23.90373
24.57321
23.32775
19.28226
26.29752
21.48187
23.62938
21.06417
23.56494
22.79304
25.21436
24.13644
27.26984
24.55157
23.1028
19.32379
22.94353
23.07725
26.96964
22.72678
20.92319
24.7327
24.4699
21.38201
23.22306
21.45476
22.2416
20.67831
22.81663
20.87585
21.67221
21.87701
18.26052
22.03973
20.63564
22.6682
25.10529
27.24815
25.17774
24.59756
22.28175
22.41342
26.36177
24.62167
23.81718
23.47368
25.92914
20.75522
21.26269
22.27474
21.18086
25.71828
21.05385
21.20407
23.27037
21.72471
23.49781
20.47532
23.30439
24.52169
24.74818
19.89634
25.80118
24.35841
22.81078
23.90662
23.60765
22.96642
25.18196
23.32701
22.35173
24.84857
23.02716
19.65733
20.80531
24.2076
22.70228
22.09122
20.3315
18.60843
21.23346
23.12437
24.08928
21.70286
21.77627
20.71846
23.2603
23.46715
20.19893
20.96042
23.90896
22.77751
20.13664
26.00919
17.96253
23.38161
24.67226
23.8812
22.88904
20.98545
22.46431
24.08158
26.58691
20.98939
23.50268
25.938
24.06242
23.47589
22.59938
23.81288
25.12927
27.1309
19.51412
21.94934
19.90459
25.09692
23.65374
22.60851
23.46813
21.85192
26.60088
20.44011
22.02312
19.80052
23.33815
20.42019
19.02816
24.23696
23.18833
22.45263
24.02273
26.24518
23.96418
22.8297
19.19372
25.8065
22.20032
27.01598
18.51206
20.20294
23.76894
21.75272
23.1046
25.98682
21.52988
19.86567
21.21408
20.73095
23.80341
25.6713
20.42964
25.93782
25.58523
21.54704
23.98146
24.93471
24.40324
24.99762
25.22871
26.00513
24.22341
27.59638
21.74378
22.63222
22.14134
18.68471
21.90201
20.18855
24.08505
28.24895
24.18459
21.64353
23.51937
22.47942
21.95573
23.3445
24.65374
25.47726
23.56754
22.6512
21.3978
17.3228
24.00163
24.21978
23.52282
22.59903
23.03313
22.67588
24.17321
21.63352
22.15879
25.14432
24.97942
21.97364
18.88056
23.08718
22.09442
14.93327
20.12256
24.49631
22.67412
22.58266
24.32784
20.49996
23.1257
25.46986
24.1705
21.39189
21.99352
19.99865
20.86423
24.07463
24.70987
24.51794
26.83365
27.31647
24.76672
22.1689
25.49344
24.6541
22.6554
22.21346
21.62558
21.09112
21.69492
26.37368
23.25753
26.1311
25.39771
21.01613
24.79366
21.7699
21.97363
25.32997
22.30884
27.03994
23.7942
27.23084
23.98283
23.58809
24.43475
22.64239
18.55619
20.6533
23.48235
21.16742
24.853
24.31778
20.82928
20.72022
23.94764
22.91531
23.62519
22.27916
22.94728
21.47541
23.99064
23.99445
20.57845
22.52917
24.04276
22.62062
23.26023
22.71891
22.36296
20.53243
23.64739
24.4742
26.81582
24.96057
23.2802
26.97589
26.46743
25.88853
21.12179
21.28793
17.92926
25.00331
21.56699
22.18879
26.25079
23.70151
19.8203
22.80486
23.22633
24.65415
21.7101
20.58524
24.16255
25.00109
26.12757
23.08297
19.63131
23.52376
24.46181
25.86288
23.28557
19.66759
23.22442
24.31612
20.70437
20.94896
18.62697
19.78878
27.47418
20.53705
24.77011
23.46474
24.64622
18.97944
20.28188
23.398
22.74419
20.70139
22.98032
18.57279
22.28793
23.85378
20.05062
21.11732
22.41236
24.57386
22.87592
20.46626
20.68646
16.62605
26.30272
23.44426
22.99277
24.35411
27.31165
17.12475
22.41943
20.53577
24.78956
24.77295
22.06346
24.52133
16.50353
19.70218
23.63384
19.6313
23.6099
21.79011
24.0072
23.56794
22.58767
20.94673
22.79488
27.43304
23.02049
25.61502
26.56126
17.89502
26.56588
23.31113
22.79586
22.03113
20.99411
25.29559
22.64243
24.21219
23.51303
26.5302
25.72904
20.51445
20.9385
23.20875
22.98114
19.30782
22.96789
23.91688
27.41631
22.66776
21.74795
23.09878
22.04115
24.09449
24.81424
24.38937
22.97372
25.24263
21.63469
20.9216
22.18814
18.67139
22.41601
23.50194
20.20524
24.73812
26.90753
19.90889
24.67606
26.36917
23.46463
20.39944
20.25359
23.52533
20.73338
21.6774
25.64584
22.74043
26.17858
23.69906
20.19111
25.29277
24.59802
24.62684
23.89278
24.46293
22.76054
19.23471
25.16276
28.33912
22.96935
22.27969
23.46227
23.52556
21.28507
19.43172
22.24884
20.42088
23.06813
23.75636
23.77291
23.55249
26.48881
24.84117
27.15524
27.2681
21.54391
24.00007
23.04243
26.84167
25.44575
26.52698
22.74002
23.62239
23.63306
22.7461
22.28071
22.69068
23.2341
26.09424
20.83512
24.39492
26.52317
22.64698
26.63434
18.24821
21.14245
22.66562
22.96355
23.58398
26.73972
23.69259
26.92473
23.93613
23.15282
26.68231
19.38965
27.0347
18.00245
15.91063
26.66181
18.54154
22.42088
25.5088
23.35785
22.0302
23.58099
19.98603
27.74494
26.3639
21.63712
25.49134
23.19861
23.84346
23.08181
25.00363
23.77265
23.88858
24.21352
23.9598
18.86853
26.12259
24.4535
26.64582
19.85234
27.48122
19.75405
23.4844
26.11155
24.55722
23.09779
17.31888
24.59246
21.15178
23.25691
23.55701
26.38624
14.6222
24.47199
25.61742
24.51462
24.36897
20.73236
24.07726
22.20853
19.24824
21.08024
19.90771
19.86557
23.15442
26.38833
26.9278
21.56303
23.13624
22.04784
23.92464
18.23375
23.11835
24.2972
26.2431
24.2222
18.43594
20.90525
20.04314
24.4857
25.63248
22.26664
24.0702
18.90697
25.85352
21.10635
23.90587
19.23864
21.91664
21.34002
25.95718
25.11073
23.45466
22.35534
23.39413
25.36492
21.80086
23.94312
24.00349
20.77109
20.60936
21.20818
24.79769
25.61876
24.63358
26.74308
23.91839
24.56507
24.64861
23.67588
23.04536
24.86675
21.76872
18.82967
23.30484
21.75634
25.92627
25.49867
21.80028
21.66951
22.37789
20.8413
25.12985
24.86319
22.48919
20.91001
22.1646
21.97309
24.59089
24.8345
22.54914
23.11997
23.03652
24.09429
25.13613
20.56422
22.55877
21.32133
22.94636
23.24148
24.80169
23.71338
26.36583
24.12745
17.30985
14.75293
20.47999
23.73874
26.5107
16.75013
20.94398
24.92988
22.48042
23.09867
23.19265
24.37982
21.51353
22.71661
26.64215
20.59303
24.6691
27.1541
17.9128
22.04307
17.73738
22.87121
21.90503
17.13708
18.31042
21.20667
23.42362
22.81883
23.50562
21.86292
26.07205
21.66075
22.73732
22.55716
24.27994
23.23104
24.06427
22.94428
22.17855
28.58792
24.09317
25.56782
21.84139
20.35552
19.01702
19.64065
21.78787
21.28217
26.49873
20.72125
25.89528
22.28084
23.75134
26.53644
23.26745
25.63183
21.00997
20.8577
18.17867
26.67582
23.92163
22.86087
21.55132
25.06396
23.40049
22.17061
24.86011
18.73227
25.59175
22.03494
24.38382
23.12457
20.78238
22.27497
23.26194
25.26012
22.35438
21.57866
21.95315
23.72878
24.12098
24.15991
27.0209
26.23146
23.95186
18.25736
20.13071
17.14977
26.91261
16.93919
24.44438
21.81525
23.08211
25.3371
16.26229
27.07603
26.87297
20.53517
21.58518
24.05232
21.18158
24.35381
22.67717
19.77257
25.47226
24.52814
21.43005
22.26482
24.61943
24.37446
21.29194
22.94446
22.94733
26.09334
25.41304
24.61547
23.54448
25.76675
20.77412
22.15759
22.6992
19.61476
22.99437
25.11451
21.86775
19.42781
23.60846
18.86461
23.65773
26.6195
21.64579
21.08902
23.56766
18.77937
21.6033
23.40919
16.2042
23.27794
22.42492
25.1974
22.27638
20.04475
24.86872
25.47154
23.12434
23.66835
20.35221
24.88287
22.11561
21.57856
23.71287
25.7681
20.31717
17.864
26.61233
25.20308
22.07905
23.35596
23.67476
22.81215
23.77926
22.53762
23.73959
25.33642
22.74811
20.76367
22.73948
24.48655
25.41597
15.84931
23.24072
24.82774
22.56306
22.62832
22.33026
23.90131
26.27344
22.25833
24.81749
22.36904
22.21036
21.05796
23.13838
26.67896
19.10002
23.82949
23.48503
20.39924
22.61379
23.08544
23.5282
24.1487
24.05483
25.12838
22.35163
23.27534
20.59809
25.03154
20.97744
18.69469
26.57597
23.12512
24.83496
25.26619
26.41258
23.33513
18.51739
21.6663
20.73025
27.12305
22.82496
24.54811
24.56278
23.1512
21.25586
21.79276
27.63344
23.35037
19.93966
25.98729
24.03235
25.49479
23.37364
25.60602
20.71536
26.00742
27.35313
20.19143
23.09085
23.97046
24.03767
19.11929
26.2468
26.09745
26.45513
23.9597
21.57252
24.79427
22.14723
25.54983
20.6878
22.43582
19.34403
21.6113
20.01836
23.70866
25.53441
25.94837
26.70942
23.8945
21.81438
24.53289
24.6395
24.77252
22.53037
25.32432
23.81196
24.97561
25.97658
20.07493
15.14775
26.07615
24.25464
20.55265
19.20473
23.09296
20.52665
21.7694
23.77631
22.99292
23.85425
22.99043
25.90772
23.4307
24.7078
24.72599
22.91045
24.84279
20.28273
22.09975
26.74726
25.70532
21.87135
24.3044
22.8413
24.31527
23.27702
22.9796
25.43557
21.28666
18.95297
21.23964
23.60085
23.03983
19.29011
20.01378
24.0217
25.3261
20.28435
20.04958
19.7055
24.1516
22.13042
21.91349
22.3885
24.40786
27.01735
20.55584
23.48751
26.22182
21.32199
22.88387
15.01101
22.9726
22.55216
26.53676
23.57987
20.2793
24.34291
20.41623
23.59917
21.19503
23.78704
24.68766
22.23883
19.45217
16.87348
24.98883
18.09254
27.0321
22.99041
23.23555
26.17653
17.24789
25.24579
22.05011
23.14972
22.72528
25.67087
22.81561
24.31051
18.32148
21.50039
22.09064
20.87565
24.23241
25.11026
20.55793
24.00068
24.17472
20.43814
19.62535
19.0386
21.66217
22.5872
26.99777
25.25083
18.84724
20.95517
24.26641
23.73105
20.26739
23.7472
20.65563
16.12418
23.7032
24.95878
26.92552
21.47301
20.71692
18.16254
22.59846
23.99942
24.67452
23.12625
19.50063
24.2047
27.65489
20.53332
26.16773
18.66574
22.75715
24.01703
26.03921
20.66182
23.80601
19.69747
22.97574
25.69325
23.94129
25.8532
24.972
24.63228
18.70447
16.5818
20.6554
24.57869
22.19342
19.59521
23.04588
26.03611
26.75015
24.22236
19.86573
25.88048
25.6917
25.34323
27.42647
23.05842
21.16659
26.16552
22.10147
23.05422
21.34404
23.29874
24.41311
19.84869
18.8906
21.20784
23.59002
24.85683
24.09663
25.91247
24.38605
22.54895
24.78659
23.75173
26.8272
23.18782
21.28412
24.43228
21.72873
24.20179
19.80804
22.11604
20.70218
22.9296
26.72913
22.14001
24.96677
21.40379
26.06578
22.39467
22.54849
19.9547
18.7663
17.93612
24.17883
23.98171
27.51957
23.88572
23.41269
24.32934
23.23881
19.3103
25.22816
24.86882
23.4257
22.26542
23.71977
23.74161
18.93054
19.69516
22.77961
23.38636
24.57794
27.06351
23.19437
24.8515
27.00567
22.31649
23.47095
22.55141
26.97843
21.83055
20.22297
24.60693
24.45935
27.10809
20.61441
23.66108
24.81236
23.50184
21.75537
23.30909
24.09268
24.03419
23.07116
22.76494
24.61473
24.40011
23.38403
22.51282
24.99739
21.12089
24.60301
24.79215
28.18682
23.19907
16.30319
23.04398
22.676
19.59142
19.33084
23.76389
21.27505
23.59824
23.34704
23.15237
23.41792
22.92463
27.60193
25.36728
23.17833
19.0255
25.1638
24.20465
23.81244
21.92575
16.11168
22.57817
17.56795
18.62252
24.28804
22.72191
24.12491
23.22102
25.22804
22.93216
22.54898
17.3793
25.35928
21.04035
21.68446
21.83618
25.79199
20.04881
20.40347
25.81597
21.34919
25.70911
24.63222
25.08687
20.51578
19.35528
24.67163
21.83845
22.90869
18.58378
22.47422
22.01477
21.82802
23.30173
22.47624
21.4617
22.08806
24.3025
23.71596
24.38144
21.93727
23.80527
24.31172
22.15099
24.06384
19.61538
23.82719
22.6287
23.07636
22.24188
24.18634
24.99191
23.41891
19.89427
25.37116
22.78315
19.82173
21.92394
20.64016
23.18574
22.58878
22.19077
22.80311
24.73636
20.74141
23.12421
24.86645
22.96023
22.17083
22.76551
23.6119
19.20172
24.02296
16.7893
22.59646
21.82768
26.11778
23.70268
23.69463
22.97284
23.29315
21.88252
16.65673
27.15689
18.31127
25.1457
20.90862
19.59036
21.70239
24.42492
22.38269
25.02605
18.70644
21.75646
21.75357
22.3118
24.21201
21.59026
21.12387
27.12111
22.29055
20.50239
22.71502
25.31975
24.91889
21.59132
23.56593
23.2012
24.71422
22.04761
22.06551
25.77106
26.18485
22.37115
21.93776
23.68907
23.1555
22.19643
24.60488
24.29073
23.32191
22.1828
19.8562
22.30878
20.79772
21.05859
22.81956
20.19022
16.04919
15.84904
20.34513
24.3145
22.23436
20.66988
24.22556
26.06858
22.38175
23.7145
23.27773
26.17996
19.81175
27.20839
24.87605
23.14084
21.87695
22.11209
20.78867
22.32051
24.83309
24.11016
26.45612
18.91873
23.64931
25.22939
20.83387
23.62952
23.38414
24.45614
23.16611
21.01922
20.40027
25.07911
25.70498
21.91192
19.56614
25.14226
22.41607
26.08384
23.04651
17.88282
26.52645
26.9135
22.54768
21.35028
24.16473
19.45514
22.89549
22.49947
22.42753
24.13714
25.06391
21.55937
24.11251
25.66382
20.48144
20.41316
21.42063
22.28489
22.57146
22.42505
18.6934
21.72363
23.49656
23.77463
21.58937
22.39782
24.33511
20.27386
21.26782
23.74485
21.35797
22.6254
20.30038
19.09912
25.4774
21.49166
25.27889
24.55345
22.95464
27.53377
23.3397
21.96926
26.41947
20.76167
20.28469
20.41726
23.0519
23.84452
20.43017
23.27181
25.247
23.05041
24.33289
18.09056
24.47676
22.9039
22.93301
24.62448
23.36937
22.96028
23.98821
21.1399
22.07966
25.65835
21.67926
24.99234
21.31772
23.38342
19.25023
21.89522
21.70704
24.19867
23.83145
22.63586
19.9174
19.70713
25.6281
21.01502
21.02318
22.91936
21.73194
22.21681
20.49181
22.99196
26.9123
23.746
21.78056
23.7354
25.78313
26.91417
23.47816
24.9791
26.23532
24.17374
24.33804
21.55391
22.64216
22.39318
23.55841
25.56385
24.11077
25.47355
26.39165
26.42588
22.8288
21.74699
26.39093
24.23608
24.7381
24.65404
23.37813
23.93727
20.66474
18.40579
22.01744
23.8626
20.93668
18.0155
23.18157
20.46922
23.94817
23.64601
24.03492
25.14201
23.21798
24.77563
23.74285
22.25291
24.48688
26.95567
24.73923
23.0309
21.61563
22.15352
22.64556
24.39911
23.99355
25.66993
23.65007
22.02477
16.06021
25.53014
23.24635
24.49174
25.82509
20.80765
24.1776
20.69978
21.48434
23.29342
22.09045
20.28536
22.32965
19.51228
25.59278
24.13279
21.70501
23.03411
24.91676
23.56205
22.98097
20.85114
21.03487
23.1377
21.76208
23.58539
26.36212
23.13912
22.78595
24.03197
24.65881
22.61049
25.71065
24.45421
24.14347
20.59273
25.76244
27.08908
23.08866
22.83494
23.435
27.47348
22.60684
21.94248
23.45359
27.4846
21.13828
26.44476
26.43888
24.71183
22.27633
20.48418
23.2916
24.48914
22.56102
24.3294
23.45277
22.73105
21.82392
26.08986
27.27841
21.67672
24.48423
22.89459
21.58757
21.04142
25.20586
24.28729
26.76738
21.50445
24.50237
23.95895
25.3709
27.20505
20.36564
21.42567
15.28516
21.44772
22.45186
26.87337
20.81303
22.19673
22.90981
23.67556
22.35565
21.61503
20.55854
24.84843
21.20971
22.44808
22.93676
24.09793
22.38921
25.06595
22.85589
21.73116
25.289
22.53605
16.92997
24.19356
21.87593
21.77534
18.28509
20.71538
20.93071
23.52201
20.32559
21.74524
26.147
19.52723
26.30709
23.50038
24.60215
23.84925
27.47676
24.27684
23.3198
23.952
22.35794
24.03028
25.62344
22.61093
23.32567
20.5042
25.93723
22.34751
19.58884
21.7707
23.47698
26.28188
27.46157
24.92704
21.72503
23.32959
22.84247
24.12149
17.99849
25.31018
18.56374
26.34987
23.76469
19.94795
23.31493
26.96176
22.38849
20.74884
23.31249
23.23639
25.1499
16.68213
23.86964
22.36193
26.50517
26.61743
22.21525
26.48561
26.10197
26.7037
24.06584
25.06636
21.42596
21.9381
24.79376
23.17525
25.09823
24.81055
23.25506
20.87013
20.16937
24.31385
17.42977
25.38874
24.07754
19.68635
22.94209
23.67963
24.24911
21.16139
23.28109
26.82456
19.5733
20.08959
23.08841
21.93235
23.31886
19.80763
23.04403
25.44146
22.20358
20.67499
17.73261
24.67266
22.45452
23.14934
23.67918
23.41279
17.5022
21.16457
21.75295
22.75459
24.62177
20.86052
22.23407
20.95436
19.87999
19.49051
20.81502
23.62259
20.84328
23.48714
22.14254
26.06305
21.60673
23.26341
23.24772
23.4381
20.73496
24.06931
23.01852
26.4036
19.82937
21.55031
21.99674
23.87191
21.83181
20.64455
27.44315
25.49753
22.56504
25.91555
27.40055
23.8315
19.19044
25.31698
25.2171
27.01347
20.55501
19.88329
24.9556
22.73559
21.03237
26.49922
23.60573
19.23054
26.47807
26.65218
21.81452
24.59086
25.15765
18.4883
17.01349
22.41796
23.23695
20.56067
21.10037
26.38647
24.43088
20.99845
25.59346
23.61518
27.03028
25.85429
22.27831
24.65787
24.04087
27.28118
26.6934
25.61605
23.45909
21.67799
21.25601
23.62698
23.28578
20.87021
19.27511
22.59701
24.9499
24.60127
23.40042
22.6948
21.61311
27.46527
22.50632
20.28316
24.18132
21.50236
23.07208
23.58966
17.83422
22.33077
26.08491
24.50424
25.11043
27.01796
18.9276
24.02533
23.09203
24.14687
24.07707
25.1887
19.68852
20.59842
23.70019
20.95595
22.29177
24.63828
23.11703
23.11534
23.76813
24.6753
16.76175
21.559
18.81516
27.31462
23.43961
23.42782
23.40368
21.91638
26.38871
20.05813
22.51128
22.70793
25.00432
20.18222
21.23939
21.43723
24.99425
21.93437
22.4945
20.67453
24.42511
22.66297
22.67662
24.84992
25.85405
19.16463
23.01138
25.51613
22.61225
21.28225
27.25198
22.61676
23.29105
22.2471
24.63633
25.76624
22.15065
19.15023
26.13712
23.26254
24.08191
25.56404
23.4051
22.5192
25.92261
18.80813
27.38928
24.51833
23.61808
21.14447
26.0358
22.38358
24.497
16.47487
20.8468
23.32935
22.05295
24.40518
24.13937
23.39866
16.95679
22.04721
26.76781
20.63052
24.8501
27.27908
25.21504
22.82173
22.82118
22.00297
24.34561
21.18355
23.99983
20.18093
23.39513
25.59492
24.11449
24.73998
24.3754
21.35468
25.91555
23.80645
24.24668
17.65644
20.0235
21.17422
20.98645
18.5903
27.56845
22.69189
21.60929
23.77576
22.9929
26.24066
21.56247
23.1385
25.32312
22.49639
24.908
19.39537
20.34185
23.21807
22.02447
21.36054
25.79904
24.36784
20.54953
21.38886
24.34301
24.19393
26.95731
24.1747
20.21893
23.88879
24.88553
22.00477
23.37581
23.83316
24.66564
22.54724
19.3884
18.61051
22.48209
22.57477
25.05307
23.64159
24.35042
16.40075
20.0451
22.78373
23.78326
24.52592
19.6065
15.67062
21.28456
25.37811
26.51484
26.78375
26.70161
24.25912
22.27566
23.15741
23.91233
20.28551
25.04879
24.69636
25.32631
21.46921
24.07089
25.16997
21.20122
21.36645
20.60238
20.82889
23.00764
19.54513
18.29908
19.84223
22.9975
26.64435
25.87435
23.38619
24.36194
21.52346
21.19871
24.44668
21.67664
21.9535
21.94586
23.27656
24.13548
23.07364
21.52974
22.5471
25.49896
22.50431
19.76064
22.05005
23.39244
20.09709
21.69576
23.36643
22.75388
21.75958
24.13034
20.11171
23.65791
23.31789
20.2129
24.70871
23.56897
21.0132
18.55877
25.29964
25.04508
25.58701
22.38761
26.14433
19.08839
22.72865
26.33969
24.99473
25.98053
25.27062
22.6762
21.50639
24.05904
22.95009
28.03037
23.97627
23.2351
19.86599
25.4577
15.39088
23.43512
22.69744
24.6145
24.68436
24.71988
22.97522
22.25947
24.31997
24.75316
24.12227
24.65446
24.20213
19.87983
20.72022
23.5973
21.15493
21.74589
23.71404
17.5746
23.41704
23.10331
22.18506
25.45659
22.34692
23.75057
21.78105
23.6447
21.18925
24.14909
19.27633
23.36743
25.26372
17.34128
23.10762
23.12127
24.30804
20.33016
23.73273
24.38045
18.20965
21.27519
24.0107
22.35557
22.27009
25.4897
27.06079
23.61752
19.84108
24.20415
24.50427
25.81645
26.66264
23.59478
26.4715
23.07863
24.29143
24.07001
21.42023
25.47692
22.95091
21.47885
21.69917
23.07652
23.0812
23.92362
21.46567
21.35141
24.61518
19.7266
23.98166
24.23741
22.90374
26.03682
23.5421
20.2812
20.58471
21.62147
21.46609
23.77657
26.0508
23.79184
20.06205
22.20449
23.57709
21.36399
20.47571
16.0186
17.99258
25.24003
21.1896
23.4922
22.44159
23.77188
27.73973
25.10183
25.82525
21.16424
25.22035
25.66772
19.18716
22.09476
23.75595
25.65885
26.65025
22.96511
21.40489
21.58982
20.80699
21.73266
21.93189
23.74188
27.35612
22.46785
24.33047
20.35016
22.52142
25.28275
25.54447
23.98581
26.11685
22.10155
24.20092
23.37208
24.15872
20.56458
19.6834
23.04225
19.596
20.70507
21.06291
23.42713
23.49378
24.80386
22.45893
21.51287
22.47804
20.96081
23.18114
23.03337
27.27111
24.03792
24.2038
19.23668
25.14447
23.40349
24.20663
21.26314
21.93744
23.77342
23.85283
23.07133
22.23065
20.49481
22.9987
23.3681
27.00638
24.83987
22.51192
21.56517
19.81233
21.01788
19.18286
23.86564
18.79184
21.0783
18.94268
25.12801
20.33758
23.26402
25.01708
17.38849
22.11015
24.10435
23.35201
23.64501
23.93506
18.09831
23.11385
19.38165
24.57024
21.74439
24.86695
26.29751
21.05003
26.02675
26.53355
18.38038
20.73883
24.18937
25.31979
22.58583
22.51647
23.23707
25.10387
23.50558
25.67284
23.05478
23.87651
24.7102
23.65956
24.64508
24.67965
25.70541
22.44702
22.63896
21.53075
23.72204
18.08901
21.32797
25.76126
18.52142
22.3511
22.16718
24.92404
17.9347
20.50654
21.27584
24.29235
24.23201
19.5299
21.8801
21.25666
24.793
26.51781
22.79554
23.41504
19.87254
21.43075
22.52274
24.02588
22.45539
22.54306
24.28907
26.09637
27.38847
25.79545
25.64733
22.34796
21.36666
26.9205
24.44213
27.75524
23.09966
25.4848
24.11333
21.9864
18.39934
23.74892
27.32909
26.83716
21.75406
24.40893
21.54628
22.56548
23.94271
22.22025
22.55026
23.20923
22.66371
26.67051
24.11296
23.42851
24.35324
23.71627
19.16484
24.74473
23.59579
23.66359
21.66132
17.37927
25.12095
22.64185
23.10247
25.20516
22.28517
24.58577
20.24318
23.15639
23.47808
22.85916
23.62673
20.53811
23.92482
23.56975
22.54309
22.39671
25.32324
21.50954
19.78599
22.00735
19.2292
22.11213
21.51343
23.75368
25.51417
23.77291
23.35567
22.62094
23.06036
24.67414
21.96371
16.65473
20.73415
21.08298
25.70338
26.44787
22.1184
23.06865
22.78587
23.11652
22.93565
23.73133
18.0288
19.86704
24.08858
24.73117
20.28953
21.01376
22.57867
25.22351
21.54998
19.30972
20.96349
22.79817
19.67194
20.14403
23.71542
22.21208
18.97786
22.13314
24.11142
25.32953
22.3512
19.3024
22.54621
26.31587
26.43642
25.13385
21.86457
27.27508
25.84234
21.86756
21.44257
25.13508
19.26759
23.22509
20.97616
24.05451
25.08379
23.27158
24.1062
20.86111
22.75131
19.57593
22.51809
25.28478
25.78802
24.46136
18.97588
24.64916
24.67287
20.99418
19.13949
24.86675
21.95098
25.48465
20.55053
18.84266
23.37798
18.63515
15.86876
23.32169
17.3074
20.90345
24.1326
27.31503
26.55946
24.39334
24.86376
18.9443
22.58715
24.7734
24.83176
19.07541
23.77899
23.09875
22.98056
19.64237
24.57235
22.70479
25.20829
21.12952
22.4235
24.16547
20.14692
25.12835
25.34578
26.0242
24.75927
24.64591
22.2448
22.98362
20.86435
23.36446
21.20929
21.45328
22.44748
27.39478
21.84819
25.09249
26.99952
20.33023
23.92421
22.21384
24.76345
27.52694
20.03066
17.62884
24.4887
22.9882
22.16842
24.25262
23.40358
23.4594
26.06613
20.57896
19.76224
24.67964
21.5749
19.19924
22.11814
22.07351
24.18878
23.04496
21.45632
23.37423
22.25838
27.47181
22.46586
23.37173
23.66479
23.29612
23.83579
25.34703
23.86733
20.77323
18.68524
23.97073
18.90607
16.19871
24.13646
22.88334
23.63712
24.38495
25.26961
18.07123
23.67649
24.51779
26.88767
21.68029
24.23965
20.17758
20.91177
21.90167
21.35534
24.39746
22.89583
23.78663
20.6126
24.91501
23.48724
24.31729
22.3258
22.61178
23.71606
23.00286
21.56454
19.4554
27.76959
22.59615
20.74171
25.61725
23.40615
20.62896
23.25542
20.50444
21.81912
22.45334
20.51073
24.85603
23.65901
23.89018
22.2084
20.14652
26.59357
23.96935
25.30112
26.32347
19.80503
19.20933
24.04425
23.22633
21.32654
25.15448
23.22828
24.98637
20.29112
25.61654
22.14239
23.98163
24.48107
25.46249
26.10801
22.49488
23.40194
27.54051
26.79255
23.1511
22.47035
26.44425
24.38045
23.46983
18.1263
23.63914
22.77386
24.23909
25.10449
25.68425
24.16717
21.06429
22.43437
22.6931
24.06546
21.6645
26.14138
21.05511
24.96913
20.57705
20.02845
25.7794
28.97758
19.93973
22.41464
21.23988
17.75296
21.05451
21.75235
22.71279
24.93707
21.52526
23.82582
23.24815
18.60207
23.27983
26.08373
20.71273
26.43036
25.47259
19.21723
19.56082
22.62573
24.50571
22.4467
25.40821
22.99641
25.58914
18.33373
22.17702
24.22832
26.6253
26.40955
24.42016
19.74758
24.52646
25.28218
21.71138
23.46498
22.37734
18.75811
27.45332
19.11435
26.6507
26.23391
18.19246
26.75717
24.08146
21.38713
24.06008
19.93304
20.11358
22.4007
22.66398
20.61735
24.51591
25.62759
24.49014
20.26632
23.85378
25.32447
23.01675
21.17557
28.06757
23.49085
25.15756
24.45709
23.98393
22.09943
24.85946
22.12597
18.34712
22.75322
20.16286
23.01889
21.99368
25.63562
23.96813
21.71569
22.88913
19.13859
20.53136
26.52752
24.28862
24.42495
24.19655
25.77038
24.40489
23.68626
22.40984
20.72544
21.2936
21.16557
21.48864
26.93538
26.32904
20.47044
20.73962
22.11328
20.96814
21.94236
23.89907
23.11877
20.60732
22.21492
26.9523
22.62069
21.88483
22.60743
20.81607
22.6416
23.89644
26.02357
25.51636
25.74532
19.65292
18.04875
22.17709
19.18341
19.03175
22.32654
25.41892
22.47007
22.96718
26.09788
23.15945
24.57071
24.92112
25.53338
26.89033
26.08149
26.74302
24.4019
19.23218
21.69967
23.08273
21.50826
27.449
21.90427
26.79425
20.18019
24.57548
23.52581
23.6075
20.93375
23.46374
22.89781
21.98224
26.88797
19.97904
20.22085
25.43446
23.06735
18.74797
23.72904
22.89565
25.76501
21.81944
23.32508
20.2764
17.07418
20.25334
19.40144
21.91894
20.4966
23.71607
23.12374
25.92867
23.29154
23.66969
25.02515
24.39288
24.44374
23.51986
25.65433
20.06652
20.85555
22.85957
18.232
19.37324
23.51234
26.31579
24.47501
22.53986
22.17713
18.66317
21.95275
24.29648
18.44815
23.51717
21.62217
22.18308
26.5385
23.39233
17.70946
22.94314
24.07503
21.83047
24.62781
23.92794
22.57368
23.8663
21.97629
22.01947
25.79079
20.38018
23.09827
19.34411
24.66896
19.90841
22.07171
18.78394
26.75046
16.41695
23.76345
25.94426
22.46435
21.25527
21.16205
26.23376
26.25587
26.01927
18.3417
17.74544
23.09153
23.25701
22.23594
26.06657
22.23427
20.29722
21.56338
25.51377
20.31274
27.26304
25.7912
22.35729
23.44353
25.20976
24.47122
22.71021
22.83683
18.94201
25.59992
24.89404
25.81408
24.6328
24.55573
21.42185
21.70359
24.40395
23.85603
22.38108
18.99566
23.58852
22.7061
26.50469
19.51438
22.17213
22.01985
18.32661
24.69345
25.79074
22.43598
22.10966
23.9616
20.70937
20.91687
19.93644
22.11349
25.12762
22.53637
19.06536
20.347
22.25847
19.74785
27.10092
22.29556
23.37354
24.34106
22.00327
19.27357
23.41507
19.345
21.99636
24.04405
21.21084
22.65415
25.95268
21.87331
20.69592
20.24444
22.82163
25.13224
23.40943
24.38441
20.97302
23.24804
19.21877
24.57302
17.47813
25.68073
19.33788
23.42803
26.97561
22.75894
22.47754
20.58934
23.09701
24.30726
21.6783
22.43168
19.67108
22.6184
24.66948
19.38762
23.69693
24.87776
22.93813
22.73506
20.53262
23.49989
26.72704
24.51225
23.14082
24.52563
18.98187
23.64927
25.26174
24.26735
19.35815
19.6376
22.86608
19.10779
23.56071
26.63368
23.35711
25.30716
23.80786
21.91512
24.16471
16.81101
20.30666
19.06664
18.98572
26.0698
24.34738
23.10682
22.07376
20.60445
22.07417
21.26746
23.25863
24.60164
23.00774
26.73747
25.03636
21.76966
25.40286
24.02887
24.14599
24.26758
22.49556
17.55626
23.8563
19.85456
25.88369
20.74213
21.30934
25.90058
19.92663
23.49236
23.46377
24.96847
20.98644
22.24755
24.91702
23.28609
21.34423
24.80403
19.30993
22.7895
23.16805
24.94387
20.81493
23.59612
26.72686
27.03928
23.43188
23.05518
24.74635
25.59665
22.57047
24.20251
24.60559
23.04278
23.4883
21.05386
23.0077
24.99935
22.31751
22.69739
20.16462
24.29746
23.49477
24.29673
22.85324
20.68553
21.49402
24.20169
23.84496
24.52522
22.09085
22.94898
21.99842
16.98972
20.0607
26.28035
22.85942
25.75332
21.22354
22.76884
25.12731
23.20925
24.63934
22.82419
25.98671
22.70957
23.87588
20.1141
20.89422
18.7143
23.47819
20.827
21.63582
25.26269
21.01905
23.08102
26.4515
21.15884
18.30347
23.73174
23.78173
22.13462
19.3079
22.4236
23.32011
21.52139
23.24251
21.1234
25.67863
24.21247
23.60087
20.33129
19.53674
19.34082
19.21051
23.03553
24.14416
23.33851
23.31807
23.11661
22.81248
21.76824
26.1467
18.58996
22.78813
22.44115
25.55574
24.22012
24.37156
20.53275
21.93467
25.02905
22.22492
26.43668
23.69156
19.38765
25.117
23.65736
20.46496
25.11838
24.9969
19.53122
25.08992
23.89954
18.81573
24.74633
20.7699
22.95761
21.44852
26.13076
22.46322
25.37117
25.26256
27.35866
22.86728
25.17289
25.09545
24.89386
24.42878
24.78281
22.54625
23.14638
26.15671
23.30627
20.62964
26.67965
15.64458
23.44748
20.92377
25.38897
23.03912
21.19675
26.42031
23.38713
24.01649
24.15897
23.44776
20.45694
20.70815
21.91461
23.02116
19.94853
22.59917
27.11442
22.86803
21.43516
22.28178
27.58873
23.69669
23.23394
22.688
25.47546
21.06639
19.2947
22.73861
23.13842
25.22483
23.97967
24.23124
19.13795
19.61231
21.79395
26.71475
20.45942
23.51831
20.89198
26.43311
24.81126
23.26982
27.59583
23.97767
20.22214
19.01629
23.95773
27.48818
24.38604
24.51593
21.10184
23.34725
23.73331
24.85945
21.29354
21.0731
20.13915
18.50917
21.02266
20.70953
23.1313
22.68581
21.90205
23.19674
21.93542
24.04637
22.91158
18.09211
19.69848
24.7529
24.53938
26.39832
24.03993
23.55123
25.98298
23.91662
20.60168
22.00336
25.25732
25.25675
27.93526
18.43658
24.21666
21.71834
25.36272
26.38935
24.55709
23.18614
22.29049
25.1317
23.16297
24.68609
23.60423
21.13066
22.629
22.10466
25.16954
22.86163
17.4501
19.93894
22.21447
22.03922
23.80119
23.46943
25.63195
21.66248
19.87288
24.05975
25.59307
20.66688
25.85866
23.77298
26.1512
27.12715
20.45584
25.17069
19.77703
21.81913
20.99354
24.64584
17.39975
21.41285
27.02373
19.63325
20.06824
24.592
24.57783
25.78734
23.97263
23.63031
23.62809
21.90628
25.83946
24.63426
24.55314
27.01688
27.73935
26.06522
21.45321
22.6418
22.41537
22.99823
23.15535
23.76423
23.84802
26.02393
23.45876
19.57013
27.32734
24.57787
22.44281
22.5388
24.65897
25.97747
23.53275
25.25729
25.8003
23.48514
20.76714
24.67541
21.84763
21.40289
22.28488
23.84867
23.62815
24.40482
26.8675
24.75436
25.82658
20.97057
24.5479
21.41497
26.16846
26.09339
19.90257
20.30482
24.85162
21.53763
17.87137
21.52604
22.52294
21.28462
24.45762
20.53837
20.38554
25.12754
23.38948
23.94581
16.93921
20.48025
25.68432
20.63368
25.91953
26.89468
23.07265
21.33135
24.15313
23.59783
24.98187
22.85127
24.55621
20.85253
20.02234
23.71304
21.15624
22.41182
27.3191
21.1161
26.74427
22.98586
20.84356
23.60914
26.02948
21.28761
16.26777
21.20528
23.48142
23.15183
25.27598
24.37659
22.93074
22.58653
27.51046
22.50388
23.30511
24.61911
25.29777
15.9684
18.89336
20.5403
22.80664
24.22974
19.82867
21.11174
22.47563
22.25603
20.8776
21.85325
20.63329
19.93116
24.61537
23.57058
26.507
23.53193
21.76803
23.96248
23.47691
24.39398
26.73031
25.80987
24.70012
24.23383
26.20996
22.94701
24.54706
20.03488
25.40411
22.42753
22.42149
24.65627
22.11717
22.69159
20.8714
24.5541
23.57541
24.62625
21.10803
27.36946
21.59975
26.46872
24.73142
19.20607
21.40135
21.29296
21.62976
22.27224
18.90228
22.11164
25.29416
23.91342
22.21506
20.9987
26.44389
26.45217
24.27387
18.94862
22.82462
20.98849
19.86297
25.38234
25.744
26.48448
23.27458
24.58407
23.971
24.23438
21.88341
22.06281
21.87907
25.84178
24.32617
21.83217
23.38563
22.55826
22.33057
26.91574
22.54416
21.18562
23.96446
24.60137
18.96134
21.44633
23.63139
22.62451
23.32234
24.74254
24.8457
27.11142
20.16327
21.42714
23.46721
27.69492
22.71882
20.69422
22.35397
26.83174
20.53321
21.89752
21.63519
23.90877
23.82732
22.98701
22.57014
20.5212
23.33546
25.72223
22.20742
20.12951
23.6818
22.19164
26.71892
23.72217
24.38532
20.49536
21.61999
26.24321
21.09214
21.43815
25.4576
23.40682
23.81189
20.49942
22.84311
19.16927
23.20831
23.53979
21.55678
20.64663
26.36334
22.57087
25.24659
26.10257
24.8176
26.09922
23.9526
26.5904
22.36436
23.94068
20.70875
21.91588
19.20668
20.05088
22.7628
27.20527
22.25479
19.82161
16.37769
23.80574
23.38721
23.86884
24.14886
23.69351
26.33474
15.51345
19.19162
22.56395
25.7284
18.86472
25.20407
27.22146
24.13361
26.1441
21.98365
22.9041
24.84142
24.29568
20.76985
23.34471
25.81842
25.33912
20.56814
25.36159
24.85806
16.28274
21.4336
21.72281
24.57991
17.32964
20.75871
19.48532
23.9013
19.80724
22.63075
24.48538
22.27806
24.00239
23.23099
22.06304
22.38208
25.17362
24.81723
23.127
23.85808
20.17641
23.17389
22.61325
23.98825
23.35277
20.66089
23.27294
21.69787
22.09201
21.39506
23.06477
22.13094
25.06214
25.67533
20.17077
22.15237
20.22296
21.05795
26.65064
23.3333
20.08763
20.96718
24.84234
25.80899
25.47414
22.87884
18.68898
25.78632
27.40005
25.30748
21.83513
20.46936
23.33123
22.84679
23.21062
26.66621
23.8974
22.29281
24.801
21.2135
19.47619
22.44849
21.3637
24.05196
26.20248
24.37792
26.2171
24.14079
23.36427
22.36855
23.2765
23.2117
21.95207
22.01592
26.3996
19.04794
24.5714
23.21486
22.96383
21.20452
24.52014
22.09169
25.96443
23.46094
24.70735
21.01253
20.32837
22.28999
25.61173
24.38262
20.26777
19.35836
20.69
23.46652
23.53751
25.17872
22.63671
26.9586
23.98962
19.61849
21.7478
25.13571
20.82006
21.61027
22.88192
27.01807
25.66426
20.24792
20.72129
25.79901
23.72372
22.69871
26.12992
24.83136
24.7242
21.07952
25.40122
23.3924
22.89298
23.08028
23.25423
23.21357
20.31997
26.58702
20.89499
23.33213
18.90191
19.3335
23.71445
21.32158
24.27744
23.72102
21.47142
24.49481
24.06069
25.20453
26.696
22.72138
25.14454
25.21277
22.56105
24.11199
22.7979
20.53732
26.4627
25.37387
21.98356
23.54712
26.47799
23.47531
25.54572
16.76439
21.44505
25.60019
20.63367
19.74128
23.90682
23.2278
20.94777
20.83153
24.48653
20.21932
19.52633
21.01502
21.69582
19.9608
25.67577
24.87235
23.32912
24.58977
20.64149
23.95926
20.62255
25.52952
23.20119
23.68269
24.17307
21.11516
20.55668
24.43794
16.79735
23.94975
16.20952
20.29139
24.80011
20.19273
19.26092
20.2688
22.78077
22.43219
23.98565
21.63288
20.64792
22.47141
21.0361
25.78713
22.03001
23.62971
23.79267
23.58346
22.68371
23.41945
24.85583
21.24365
20.04933
20.77981
23.39021
23.3996
23.86467
23.2193
21.05749
22.51181
23.42602
24.25963
18.86123
23.50212
25.28708
22.62853
22.32501
26.84933
24.4793
27.33751
18.25522
19.50732
22.24183
23.38315
20.90642
22.90389
20.59656
18.90898
23.03936
23.60567
19.97368
24.297
20.30667
20.88536
25.35394
22.68571
21.78317
19.46268
22.13989
24.09057
19.33984
23.97236
25.48141
23.23552
25.33142
25.48946
24.06834
21.11705
26.87457
23.51051
23.46937
22.00693
22.5771
23.13426
18.7188
18.90436
24.00847
25.95822
22.1493
25.87455
25.61419
27.02737
20.70795
22.39433
22.53537
24.40109
20.97123
22.97676
21.09156
21.76272
22.96482
22.8564
21.9028
24.08566
26.67235
19.1902
20.72386
25.70182
27.05662
21.22025
26.48714
20.56942
18.21115
24.49811
21.31002
23.64851
22.24398
21.7376
25.39224
15.88263
23.48406
26.59944
23.00469
26.89877
26.07514
17.96414
16.89577
23.14758
23.15911
17.79452
20.73463
20.26432
22.20876
27.50344
23.44138
26.8682
25.86704
23.21305
19.19608
23.13659
26.84915
22.25823
22.84809
25.56454
21.09304
23.44189
20.44796
24.89545
21.55783
25.23166
24.61158
21.38571
20.14308
26.45352
18.6112
22.9417
24.14097
23.46346
24.90047
24.06255
23.92453
25.02246
24.2368
23.61738
23.28609
24.73814
24.20801
23.47005
23.54573
18.3496
21.64075
27.209
24.27373
22.1221
23.19378
23.48019
24.05207
25.61307
21.14661
18.46687
22.75574
21.13904
26.54397
22.3959
20.85702
24.42688
27.27341
23.2786
19.65915
24.30039
24.86563
24.2218
25.12195
25.78098
22.44554
26.69248
23.22032
27.45912
23.26597
21.80119
23.96773
21.36873
23.7972
18.28304
24.56133
25.12056
20.49207
21.43389
25.6061
21.18449
23.90639
21.60712
24.98005
27.03478
22.83518
22.68123
26.23639
20.38107
24.90403
23.16038
14.73497
21.43253
22.09879
21.33619
22.83485
24.80633
23.29672
22.00482
24.90455
25.71768
25.15745
22.49728
22.43913
15.0727
24.54277
24.15304
22.68993
21.71419
25.77266
22.43178
23.92433
23.90474
21.202
26.81785
18.37718
25.18489
23.21803
18.98501
17.19664
23.95058
21.72103
20.64257
22.65943
22.48964
23.88057
20.21487
23.66024
24.89895
23.04208
23.4374
22.77739
21.40613
21.35746
21.11353
24.47752
23.86552
22.59381
21.57236
23.35911
22.7092
27.44303
23.98204
20.48659
25.7099
24.25158
20.38891
24.23267
20.91145
21.12291
25.26705
26.08888
26.72985
21.14719
25.04547
24.45423
25.43571
24.42232
15.98066
21.09117
25.60103
22.84588
24.28729
22.96172
21.56654
23.98101
24.07818
26.05145
24.62168
21.40824
23.80206
26.78061
20.05189
24.06555
19.64564
19.91134
20.86607
24.46629
24.63464
22.14373
21.72037
24.80038
25.27624
21.90716
23.91106
24.60215
21.24638
22.84818
22.4401
24.92072
21.91258
22.43764
15.66553
22.8522
22.10153
26.5425
25.18643
25.04773
16.35229
23.78471
25.00333
22.55596
22.32278
22.5722
23.18084
24.28551
25.38573
21.25195
21.65229
25.89994
25.60256
21.1423
20.58612
23.2198
25.61518
24.01367
24.98801
21.28455
21.54012
21.97154
22.76515
22.85094
20.32453
25.53785
26.41793
22.49962
22.14366
23.94807
21.28222
21.50862
22.32069
22.47678
25.08586
23.20325
25.06954
19.53164
22.35256
20.86605
22.61124
24.34822
24.09126
22.16667
16.49615
23.92584
20.65279
23.16753
26.33349
19.99101
24.30107
20.46203
24.3038
24.52499
24.04506
21.55626
21.04905
24.05689
13.97874
23.99655
27.24254
17.41613
21.18919
20.93584
25.3828
23.17144
19.1925
25.42427
19.81732
20.36644
24.30586
20.75697
21.19542
23.94287
24.14957
23.34441
23.93576
22.19276
24.69702
24.88711
23.09117
27.25992
24.61672
26.38201
22.32736
24.05326
20.55436
19.89835
23.85683
21.89529
26.28154
22.68867
23.83258
25.92106
25.20189
23.10989
20.39112
23.75695
20.80023
16.11281
23.22967
21.84758
20.4035
20.38179
25.4784
25.89691
23.28077
21.71716
25.21071
24.63445
23.76061
21.58111
21.50355
24.07665
21.60586
24.46297
23.44364
22.63021
22.80304
25.16714
24.86168
18.87994
21.74899
23.39618
24.54076
23.98246
24.38468
25.63971
23.52432
24.09926
24.51274
19.67132
19.13965
23.44399
25.96532
24.59259
26.75434
21.51567
22.76057
26.12263
18.99467
17.74932
25.29323
23.79306
24.80288
22.70748
19.65087
23.34608
17.14778
27.64331
20.35865
19.65123
25.57603
24.09184
24.03627
24.17641
26.58394
25.5207
27.34337
22.65576
20.87768
19.49528
25.66317
20.66019
23.77279
21.19274
21.53696
22.85173
19.1841
21.24069
18.51756
15.03938
17.04347
26.47005
20.99438
22.71385
20.41234
24.16912
20.83945
20.40439
25.48545
22.74531
26.34551
21.29375
16.77767
25.9162
23.09637
23.57273
22.90432
26.08543
23.73402
19.78982
25.70474
22.93866
21.0961
20.55977
15.51501
22.07293
21.79427
23.71259
24.33104
25.19138
15.82496
22.21742
25.14028
26.06144
24.50644
22.43009
23.44639
23.48257
23.66335
26.57952
25.32363
23.98995
23.24851
22.70969
22.63892
25.93628
23.93407
23.24088
22.69443
20.90639
20.42509
23.60739
20.7007
22.83175
22.76135
20.0935
23.79396
23.67731
25.71786
24.17973
27.34683
22.22684
21.73175
20.00421
17.7451
23.13779
21.82618
19.89909
24.96039
23.12782
22.6001
23.87856
20.79631
22.81435
25.97114
18.86038
21.15976
23.47897
23.35978
21.71051
19.00743
22.12493
21.17012
21.85552
22.6335
20.1157
21.2209
22.55851
22.53738
24.57628
25.76121
20.89397
26.63054
25.42572
21.65311
24.37155
15.9532
22.06142
23.2534
22.18785
22.53754
23.33213
21.3099
20.79098
22.24196
22.66325
22.13664
23.28408
24.76923
19.51581
21.02203
19.24942
23.7407
23.07078
21.09083
21.63473
23.37181
21.90508
20.11385
23.04007
23.79797
23.95107
26.83202
24.35838
25.64528
23.65097
24.14371
26.78246
26.51072
26.12407
25.1552
21.89871
20.84258
21.44075
21.12505
21.02913
24.06225
21.40308
20.01072
17.5209
24.22189
21.76436
27.71708
20.66246
25.88614
21.8654
23.23242
22.23692
24.52284
23.18803
26.56517
25.28076
23.76779
24.12285
20.37652
24.19132
23.19008
21.22792
16.37382
20.10963
23.3645
17.38656
21.67092
24.50083
27.52011
25.32627
23.4176
23.44526
24.33073
21.64382
22.91786
20.84716
22.96774
21.85899
21.49532
25.46067
23.69159
23.70734
24.52393
24.09061
20.37744
20.32778
21.70122
25.25856
20.0719
19.64399
22.73637
19.05535
24.56054
24.20399
17.85997
22.80011
23.78936
23.53584
21.71803
22.16478
23.5267
19.77003
25.79966
26.61033
24.47338
24.45365
23.87067
25.57295
24.60713
24.71252
20.28933
26.74274
24.56081
25.7011
22.34933
24.72956
25.84438
23.2605
24.3686
22.04616
23.62884
23.92176
25.75369
22.54246
21.03707
21.14878
22.82203
26.07923
22.8904
23.30481
23.8593
23.53422
24.42403
23.55801
21.22967
23.23173
24.47825
24.92029
20.86185
22.10496
26.42701
25.59196
25.90608
22.71427
27.60616
23.46279
25.95386
20.09079
20.76894
24.21284
23.5579
23.64533
22.47223
24.40458
23.28335
24.69814
20.78011
21.45573
24.36468
23.72139
23.83199
24.02727
23.81016
22.57647
26.03753
21.57013
23.8521
23.7464
22.1245
20.74131
20.80126
23.95598
22.10345
24.89581
21.32734
22.65576
23.78353
20.95401
23.62344
22.87122
22.06162
21.38449
25.72963
21.06106
21.48863
24.31
20.89326
22.28766
21.82953
24.34344
23.57894
23.23533
24.6729
18.70398
24.55828
25.88964
23.31146
20.70306
21.27693
24.02805
23.17367
23.02266
22.55936
27.08167
19.17988
23.65528
16.09842
26.71113
14.99191
27.09309
22.16724
26.50757
20.86555
26.44155
19.00046
26.62478
24.6119
23.18421
24.35731
21.33917
25.4861
24.24022
23.92452
23.64034
23.6694
22.41177
23.9941
25.28369
24.35201
21.63491
27.16113
19.91607
25.55084
22.12132
20.78219
19.14472
23.28882
23.25989
21.7705
21.85549
18.926
19.94254
24.8457
21.49436
24.46643
18.11494
20.99922
22.72457
24.17767
20.54086
23.99965
24.68146
18.35205
24.99701
26.07194
23.95653
17.83042
22.59509
23.16291
22.08236
20.10346
22.89411
20.43912
21.38656
27.40934
24.08544
21.39908
21.09244
26.42228
22.06317
22.06858
14.9055
21.40354
26.43884
