24.84978
34.66737
29.61995
35.10868
23.74531
29.78285
31.7302
24.27222
31.73481
23.04923
28.77823
31.47076
32.51708
30.90163
32.09229
26.34651
30.32473
32.56746
29.45327
27.68695
28.41263
27.93557
30.65924
28.1812
28.00375
30.82644
31.65544
31.41679
34.15318
33.36456
29.03835
34.18852
30.44736
34.6969
28.44339
34.99958
30.22986
24.73959
26.86037
32.7072
33.09701
31.98084
29.11681
32.58371
32.05879
34.64223
27.75175
30.12235
27.35853
31.56447
26.03251
29.44149
28.42504
26.86985
31.0586
31.55854
33.9421
32.6776
25.86417
25.36915
25.16386
23.68022
30.2181
30.31626
33.98161
25.47823
30.10604
30.93544
26.62558
27.35623
26.53483
27.22546
30.11806
29.30395
27.92173
26.9408
30.65634
31.60309
33.98803
28.48971
35.71142
33.54446
31.94595
32.39598
35.10778
28.58064
28.90461
30.56313
31.51062
28.41956
29.94491
27.09358
32.95998
26.31573
28.05905
28.07379
25.74588
32.5579
27.92207
30.44743
29.1264
31.98687
31.19231
30.24594
29.74365
34.69133
31.21092
31.07533
30.29646
26.96046
26.11515
29.2369
31.86203
28.55181
30.75092
32.43283
31.47054
27.75452
33.54081
26.67623
34.47115
27.30916
32.2496
34.69687
26.37306
34.30421
34.8975
29.13111
26.77436
25.50576
32.78968
29.67751
28.322
29.14001
28.34552
26.22159
34.80426
33.3592
30.99996
29.26337
32.74365
32.18363
32.05518
27.1227
27.85592
32.1809
27.70871
31.78942
29.02137
34.11811
33.98501
33.82211
24.688
29.34535
33.30177
28.95666
34.65097
28.98384
22.61126
27.00673
32.80444
27.61107
34.40956
31.1502
35.64552
35.53041
33.06455
28.40432
25.99487
32.54201
26.00342
33.68301
30.76482
28.98998
24.89294
30.33763
33.78754
34.58299
29.37529
32.1249
30.31557
30.52282
28.40932
28.81369
30.39364
29.15624
30.43995
29.26288
32.98401
32.79679
28.30103
30.59681
31.89721
29.69202
27.33663
33.74446
33.12347
27.48385
32.87275
32.25327
25.99573
29.58879
31.54734
24.03741
29.38817
26.59008
28.84957
24.78368
27.39212
28.63451
30.96805
35.45846
30.77324
28.62167
29.39041
28.47669
33.49365
25.13811
28.8583
32.91296
33.71556
26.11725
28.41097
31.09761
29.49856
27.93508
25.27579
29.31583
32.41076
32.08648
33.46457
32.07687
19.18379
34.34853
30.57006
28.43746
29.64077
31.18467
27.85021
35.13714
27.91768
34.28602
30.91601
35.05947
35.39364
34.66293
32.79787
26.03752
30.90179
28.32042
28.76988
28.12122
30.51233
36.06039
27.14667
33.80881
31.36173
30.90081
31.02307
30.05048
32.99357
32.18928
29.24778
29.17289
31.97953
30.54037
28.34827
28.52419
31.37559
31.57419
32.57937
32.70522
29.09106
33.52119
25.97437
31.68217
29.72001
32.53351
28.13799
31.44105
29.54274
30.09335
27.82628
28.74565
27.84903
34.60005
24.47404
31.74742
26.62522
28.57915
26.939
29.04097
34.1573
28.96392
26.51018
31.09049
28.99424
33.12081
29.13602
25.90967
35.12058
33.87653
31.39841
30.25676
33.78753
30.14441
32.41493
32.18759
24.72956
32.98548
27.26839
29.18165
26.63468
30.27922
24.12075
29.24666
29.79866
27.84
29.81018
30.17107
29.5029
34.48734
30.88671
31.2653
31.01631
33.12329
31.47852
33.42084
33.1571
35.91608
23.30286
25.54141
30.81182
24.40836
27.29656
29.85603
34.5007
33.08658
27.7649
27.32649
31.99612
32.78178
23.98536
30.85731
32.01326
32.34296
35.60077
30.23981
34.36195
30.73432
24.53888
31.49812
36.22149
35.80811
32.71617
28.57585
31.33009
28.94106
29.46221
34.6007
29.79197
25.30999
35.98651
32.51147
25.9736
32.96231
34.51704
33.44493
30.6356
30.59652
27.30371
32.55427
25.21428
36.59561
31.33848
26.98095
28.60927
31.00855
28.48102
34.75966
24.34454
30.64316
24.46706
32.61387
30.78176
29.01502
24.26612
31.66023
24.66606
34.277
28.49888
29.43641
27.81149
27.5633
28.09635
33.75141
31.52059
32.3985
24.19173
29.7484
30.32444
34.66777
34.58152
28.62931
28.28101
32.15624
29.52368
33.7936
34.01949
26.41957
32.473
32.0705
25.24743
28.47579
32.69703
31.33286
30.31064
30.44467
25.27873
30.09481
32.78796
33.66458
32.55399
34.58307
33.15494
29.7401
28.82592
28.85505
35.56311
30.87973
31.51881
31.15085
22.08583
33.26139
36.59402
31.18057
27.30733
32.92639
30.38521
34.31076
33.68868
29.4979
33.17755
34.27914
27.25301
34.17485
35.22918
23.92783
32.08887
28.68282
34.18842
31.94057
33.62706
32.99281
30.4293
26.4255
34.24189
32.4514
27.7407
31.32169
31.04847
24.31146
28.73919
33.38235
29.46842
32.34494
33.81715
28.77293
32.2945
27.93474
30.18192
31.34116
30.23514
35.30814
30.41863
31.30865
27.32963
34.58852
27.31543
27.85362
27.83083
30.8748
29.90794
34.4808
34.08861
26.52876
30.22773
27.09342
27.44787
31.27053
31.63411
30.62808
29.27268
33.19335
33.76408
32.25404
29.50363
29.79444
35.30675
29.86536
29.08927
27.76254
23.96454
32.07432
27.46087
30.3796
25.272
31.36466
34.94581
24.7887
31.83589
32.68
35.20623
27.68407
31.15616
34.66455
28.03341
31.17519
26.53128
30.29608
33.8579
31.398
31.5041
29.2595
29.53995
29.88138
33.67531
29.89582
30.54772
26.53787
33.47631
35.20538
27.80275
32.25882
29.51453
30.08357
32.11593
25.68607
30.30201
30.40842
28.75294
30.79257
31.59693
27.86335
33.84134
28.46304
30.42986
30.9779
34.99203
35.21987
32.93007
20.08038
31.75389
33.75441
32.55931
31.28983
30.55666
29.36786
32.31866
29.54562
31.95237
33.73477
28.86695
28.87188
32.32518
31.84498
24.30928
30.94071
24.43434
29.59086
36.53077
23.52479
31.41757
30.92322
29.05944
33.39209
23.90409
29.98021
26.65042
27.26354
31.24597
31.08301
29.14713
28.91859
30.92454
30.04985
25.31413
30.6515
30.21448
32.77567
30.71955
33.82175
32.93968
26.87062
33.86718
32.12228
23.45549
32.44532
35.14139
31.45846
30.58975
32.44897
30.66556
27.02044
26.52034
28.87106
30.53643
34.32933
32.76142
31.22448
27.44017
32.95073
29.00723
31.02143
31.71196
25.8009
28.59136
28.90965
31.35043
34.21757
32.88763
30.69886
26.27277
30.45899
34.09303
33.2074
30.79437
24.33132
29.88197
27.46053
35.13225
29.59691
31.90217
34.39785
29.5059
30.70745
25.52221
34.85933
27.86512
31.88087
29.80669
30.23666
29.89464
29.08319
30.31589
34.19109
22.90339
25.03891
31.60353
29.80779
32.91402
30.18558
29.23484
32.27857
23.87967
33.50189
29.12857
34.16076
29.62694
30.074
27.09177
34.49438
32.06657
35.603
24.78012
28.08048
29.22407
25.06808
29.5274
31.86408
31.35301
30.30425
32.39389
25.17847
31.4289
31.34148
33.28159
27.71258
28.27108
33.15946
30.81189
29.00663
28.29572
31.10191
31.22259
30.2779
28.66621
27.58867
29.01034
31.48606
28.59309
33.45197
34.32472
32.69837
30.01738
25.55231
25.54162
32.40152
31.50669
32.85141
30.73099
33.37274
25.15825
29.61976
24.39887
34.4627
31.5497
28.56919
27.06162
31.04639
29.52145
32.55981
29.46193
29.5017
35.95897
31.48125
24.91919
27.16727
25.92859
32.39135
30.87069
25.14129
29.20088
32.41433
35.08346
24.05688
30.8977
28.22173
26.52014
31.69184
30.23572
29.17591
32.02815
33.97456
33.69358
32.61897
30.08679
29.44608
30.95881
26.54749
24.84604
27.34978
29.79354
29.46516
33.30371
33.19211
30.99038
32.56533
34.32126
30.55821
32.56934
33.12151
28.81138
28.23569
34.90519
32.55921
31.82702
26.55298
29.86063
31.25129
28.78204
28.58113
32.48136
32.27329
32.73336
24.93902
30.58678
33.42273
25.60279
33.572
33.42923
28.49753
28.07341
25.54779
27.3538
31.95204
32.13221
29.89411
33.37899
33.71587
28.95309
29.23252
29.30798
30.01413
31.38943
36.12366
27.87438
32.38201
27.83704
27.53267
29.81504
31.25546
30.43076
26.60107
27.50072
31.30386
33.33981
25.44668
30.55156
27.12107
25.47346
29.48882
29.59129
31.56859
34.06497
27.44986
27.26812
24.91683
31.41152
30.69138
28.07093
28.77677
34.58318
32.08941
28.50279
30.1594
25.00721
30.33411
32.77384
32.95536
29.28952
24.22824
29.51382
27.59934
35.00068
33.46434
28.5645
30.03951
25.86191
27.40137
30.7486
29.27084
31.28654
31.52934
30.77071
32.99735
28.62997
26.3702
34.20838
28.38492
34.60332
32.81654
31.11084
32.10763
25.2559
32.02336
24.29456
31.69749
24.68268
30.30453
30.12135
32.52209
31.04039
29.89958
28.16741
30.84484
32.39793
29.10195
30.47533
35.97692
27.50043
24.48953
34.17436
27.02334
31.77106
30.78604
33.2253
28.37197
35.23487
27.3539
28.9248
29.08267
32.42279
31.58248
22.89516
28.01325
32.26558
29.94861
30.89676
33.70695
29.02675
30.40637
31.82223
29.61084
34.25055
31.17462
26.1903
33.48202
29.8585
32.00277
32.18912
33.1907
31.37908
28.90955
36.20431
31.14496
31.71093
36.06028
26.06559
28.55111
32.35011
25.94693
30.59547
35.53136
35.31708
31.49961
32.16441
24.81672
33.51848
33.05058
28.98448
35.17829
31.62628
29.57584
31.58473
23.49036
36.37117
35.67549
33.01734
34.52972
32.81445
29.77257
24.28052
26.53709
24.79591
30.02108
29.8067
35.02229
30.33603
34.71808
32.35224
29.81237
31.55464
32.23326
32.83187
35.6004
29.88158
29.56019
28.57529
29.94091
27.39381
29.28505
32.7185
29.56301
23.3445
32.10835
30.19126
36.03876
27.53015
29.32695
29.97461
33.88443
32.14223
33.22734
31.24911
29.04311
28.40209
31.82409
31.1594
34.25383
35.00302
29.90971
31.0848
28.50247
27.24542
33.05985
34.78961
32.36465
30.83126
31.66973
29.88549
35.5452
30.02982
32.77588
30.72338
26.58058
26.76567
27.51676
28.3612
27.3716
27.70768
26.59155
29.36018
28.33832
29.96251
31.22078
27.89331
33.38789
28.31319
24.24855
34.40503
34.78957
26.35893
34.11049
31.89315
30.35847
28.16148
29.92816
30.63438
31.69654
33.07608
33.98732
29.0381
29.61667
28.33511
24.68414
28.68019
32.23623
32.39026
35.0612
31.94117
26.6506
24.67805
33.48903
24.09777
30.68061
31.65302
24.89701
23.91435
30.85247
25.40457
23.46875
27.06963
24.78414
33.45748
26.002
29.53405
32.584
27.14351
29.27564
30.77695
32.95411
26.9388
26.91523
32.80719
35.19432
33.56265
29.36474
28.08027
27.30434
30.86447
30.41924
24.3886
24.57986
33.17503
31.31701
31.32351
33.39071
26.09005
32.38903
26.34327
33.52797
30.81587
29.68064
29.23134
23.82102
25.52896
30.16793
35.33119
31.54643
30.8321
29.53214
29.72621
30.68746
28.91861
27.67927
30.43719
26.76233
27.54845
23.8364
28.22991
28.1537
29.49628
33.62004
30.63462
31.78359
33.82355
30.15373
27.77331
27.75516
34.22073
29.80828
29.76457
29.94233
30.09271
29.25855
25.6882
33.72076
24.94193
32.08681
31.66212
28.96417
32.8217
34.62055
31.60649
31.71363
30.49694
31.23233
33.58614
26.2232
30.50457
31.60612
30.05455
32.19584
24.38115
27.67212
34.36694
34.58109
32.72224
34.50974
33.32183
23.74954
26.80159
32.17536
32.54491
20.74149
29.79261
30.67137
31.51849
36.61867
26.24561
31.09286
24.30822
27.83685
26.16306
34.86181
36.04005
35.3605
33.71439
26.47356
25.94335
27.28101
30.49524
31.09184
30.04623
29.63803
29.6809
27.67547
32.11288
31.55416
24.05956
26.15053
26.71493
29.41632
24.85916
33.15831
29.1102
34.07072
34.75902
32.54105
32.72093
32.27669
28.05807
24.35436
30.10857
35.30536
20.88012
35.67261
28.53286
30.13639
28.88714
29.26048
28.13379
32.26606
36.38346
29.44148
30.11026
27.26055
32.17894
27.02619
31.58487
33.3272
33.5449
29.56813
29.96717
31.8271
28.53698
30.69421
33.73
30.03341
30.44587
25.73302
33.91491
23.01707
29.21496
30.3894
31.25151
34.85258
28.09047
33.96544
27.91369
30.12713
32.67139
28.49403
32.80318
30.31499
25.56824
31.44179
32.75217
28.47563
32.5586
29.22089
27.4984
27.87256
28.63363
29.95701
28.35042
28.83895
28.16206
26.02046
24.80774
29.5619
32.25152
30.7606
32.76305
30.99241
27.89169
26.36565
28.36174
31.63863
29.7949
31.19775
33.83157
30.63598
24.33722
33.87366
27.68453
33.43505
31.25788
28.68199
32.46466
28.34722
25.22614
33.70878
31.73494
33.55832
33.58922
29.9261
29.78418
28.69634
34.29898
31.89424
24.63698
31.96167
24.81504
31.124
28.78399
30.98941
34.54249
26.47221
28.9646
25.36754
30.34358
30.38508
29.28927
28.86902
30.46608
24.88261
30.99521
28.89867
32.97102
32.44614
27.5911
34.17202
23.78859
30.25096
31.34734
29.61485
28.82558
24.33705
32.24101
27.93476
34.3473
27.3799
34.06892
28.52542
31.12016
29.04839
31.30551
32.40593
24.28958
31.98684
31.9508
27.89167
30.37117
28.09044
33.64658
27.12239
28.78993
30.26241
34.58962
31.39701
25.80383
27.85769
27.86778
32.45305
33.29995
32.60746
32.70161
33.20206
29.20269
34.3466
35.00949
32.81629
26.5194
25.06673
28.80657
29.63865
34.49626
33.11887
27.76497
25.48751
31.81048
28.79316
28.87097
29.23391
31.79137
29.04502
32.69346
31.61022
32.95105
31.962
31.53948
31.60722
30.05137
29.9253
34.46918
31.72396
29.5001
28.31997
31.03548
27.44758
33.03088
30.28722
30.35433
32.30484
34.25664
31.72168
31.26368
28.99611
29.15474
31.11159
28.47727
31.8291
31.36064
33.05499
31.76135
31.55821
26.63427
30.53977
32.56933
32.65946
31.3444
31.86893
28.11743
31.77329
32.92844
26.73236
29.33812
33.44711
24.86768
27.77551
29.11883
28.56492
29.26888
30.78797
33.23629
29.03976
34.38673
28.18463
30.93668
29.0062
30.45972
30.5725
31.28389
32.35374
32.86963
28.83892
27.88144
27.98391
23.60785
32.04267
33.23925
30.98193
23.96494
29.66102
28.20148
31.31495
27.50178
28.95013
35.57688
32.81395
34.10996
29.28865
26.7961
34.05405
31.49575
29.58823
31.41351
30.21286
32.62791
27.83416
30.39729
25.55583
30.55166
28.35581
26.77809
24.31798
24.14044
33.90902
34.35379
28.86268
31.68479
27.86961
29.96939
30.80907
27.29745
29.6434
32.49968
36.00635
30.28795
23.50115
28.90658
26.69082
27.71253
31.07244
28.73173
30.20616
28.93992
31.91085
35.66072
33.1331
28.13632
32.4311
31.60334
35.29128
32.65504
31.239
27.62366
31.63495
26.92729
25.17485
27.30337
30.98059
30.64669
26.16925
26.13954
30.06314
34.49448
26.79591
34.13052
27.22158
33.57705
25.80744
31.19593
32.49581
28.58343
26.94523
32.36717
26.3988
27.55522
27.42266
26.49407
24.8894
29.72375
28.6644
30.65367
30.28052
32.08774
30.60826
28.54467
30.32396
32.03924
32.26324
34.65586
33.4436
29.25136
25.2131
27.89538
27.5134
31.7626
32.42176
28.27337
28.74169
28.87471
27.18883
33.16119
30.00747
31.75629
28.06646
30.75472
28.96264
33.13412
28.67416
26.9016
32.22459
33.09324
26.91009
31.55845
28.24698
33.75695
34.47098
25.87086
27.74413
31.07972
30.08328
26.55421
30.92692
28.56755
32.48552
27.23789
24.95388
28.79534
29.14769
33.38288
30.90408
30.45048
27.84986
26.69814
26.12712
30.16189
30.28011
30.677
27.04153
28.23442
24.86505
33.95154
24.97664
29.76046
33.9756
29.99697
31.65903
29.4057
33.0489
33.6778
29.85831
29.93619
34.69289
29.38101
27.30752
25.76087
30.81512
30.77004
25.03203
31.57355
30.44217
25.89198
30.68285
27.64684
28.99765
29.25284
29.73771
27.70604
30.50508
29.71814
30.7122
34.56907
33.02967
30.67457
34.30758
32.84538
28.9481
29.83905
30.68826
35.55923
27.55749
31.39668
30.25105
30.36463
29.89786
27.20918
32.46065
27.20017
31.97206
25.23544
34.14236
31.9368
26.57773
30.90341
30.32862
32.62767
32.07192
32.54648
26.38763
26.61479
29.85155
31.20872
30.0779
32.5172
29.88928
29.13627
24.03508
27.01321
30.74446
25.0279
25.45028
35.26997
29.42305
25.25397
33.81773
31.46122
28.18447
30.09724
28.09778
31.74662
27.78141
30.20976
27.32932
24.04661
27.97997
31.46511
34.89985
31.30568
30.27973
28.34127
28.29425
30.05288
26.09897
32.9414
25.90952
22.34825
34.00797
28.00814
31.6492
34.26469
24.6503
30.71071
23.8817
25.16491
31.14525
29.34943
29.62814
31.6435
28.04703
33.4535
29.66566
30.25429
31.05202
27.24194
24.13573
30.35547
30.28221
26.86554
35.1854
33.26184
33.58649
27.76513
32.19795
27.22832
29.90759
25.5625
34.31879
28.23263
27.1964
30.01461
26.64072
29.42728
36.56571
29.8039
30.48722
25.99246
26.35008
29.39333
27.69528
34.48478
26.16847
32.96508
31.06812
29.61771
32.4888
30.60959
29.88079
30.80549
24.58074
29.08331
28.22625
33.24222
33.26883
29.19502
27.42397
30.16548
31.48188
28.40237
31.72171
30.61502
34.36721
32.04195
32.06496
35.48044
27.99921
29.13323
25.42322
26.03222
24.02929
28.74918
27.99026
34.11877
32.67395
33.00969
27.03623
31.33853
26.16659
32.01939
28.11308
27.29641
28.43109
30.19543
29.25422
33.35778
29.99296
33.77742
32.36114
30.33998
32.41887
31.17107
31.01446
29.70537
34.35817
29.71403
27.34555
30.11901
27.01661
32.31433
30.36051
27.40171
22.72815
33.51837
24.50697
26.91805
29.51221
29.70747
31.22733
26.37547
34.05886
30.88871
24.28976
28.54148
34.37788
27.57784
32.88069
21.15537
30.59162
29.78366
30.76719
29.18144
28.31076
30.70249
31.86443
35.36324
29.42028
23.83554
33.93598
32.1205
25.3177
32.57703
30.70979
32.52564
30.36484
31.00087
34.73782
29.24535
32.90681
30.29703
30.12421
32.50589
33.95822
34.51742
24.7111
26.20279
29.50632
32.71782
34.81708
28.63579
26.81844
29.51895
32.63786
28.77376
30.7705
24.99647
28.58362
28.35757
30.94051
27.27602
35.09258
35.77558
28.86186
30.67836
33.27251
27.0044
32.1013
33.94122
33.04482
28.0491
29.2568
26.8734
32.41848
31.15083
27.9295
30.30658
32.71638
25.26273
26.02815
34.33624
34.07792
27.23959
32.35813
26.46198
33.05185
25.48576
31.87969
31.83875
33.20985
26.15782
29.54668
29.73288
32.29936
32.17041
33.19987
28.35633
34.05543
31.7275
31.866
30.73454
27.62606
32.79011
29.75196
32.76187
29.53892
32.58171
25.19106
32.46476
30.14837
29.54366
32.8623
30.0946
34.04827
23.80678
27.69956
29.53269
27.1855
32.11467
26.81784
25.7812
27.11939
31.99913
35.50619
29.10184
33.3285
26.28291
25.1828
30.41348
28.74773
28.77676
34.85114
30.94724
28.05466
30.56897
29.30887
24.74415
32.5075
28.90752
26.86704
25.22811
29.25912
31.83141
23.67721
30.62923
32.69754
29.56998
29.93185
29.89083
29.94987
31.65352
28.59715
27.72134
27.80054
30.87757
32.5419
29.56691
32.77168
31.0728
33.50374
29.38995
30.34914
29.66295
33.60064
27.44489
33.35343
29.50378
30.34102
24.59272
30.58904
26.70381
29.12887
23.13784
31.24571
28.27126
27.2226
34.28892
34.91856
30.42327
28.06372
31.80751
35.4949
32.28522
30.23882
29.1421
35.80408
30.2428
30.92287
32.86792
27.33256
29.22585
27.38277
27.97593
34.80091
30.5608
30.35404
33.64301
30.6365
32.3311
29.54211
27.07549
24.51737
35.07497
32.0344
30.23559
29.29098
26.49075
28.85775
31.02854
30.16977
29.88933
27.67066
30.96033
25.1971
29.93249
27.3129
33.04196
33.31652
28.7516
24.93051
28.57458
30.30907
25.63824
25.77772
29.06444
31.33269
31.3132
31.48982
34.50049
31.54681
30.22586
26.33353
32.24691
24.97853
24.66697
24.19235
31.30612
31.53987
35.3341
31.62101
29.71819
32.99062
30.82574
29.46368
28.39432
30.00562
30.62342
31.4357
31.68693
30.96447
35.08793
30.78026
27.11519
30.0433
31.19228
27.82561
29.20666
29.31648
28.68513
32.64454
32.35153
28.48575
31.48883
28.21844
29.48535
30.81767
29.4425
29.42084
27.75809
30.04055
25.93784
27.45615
29.48326
28.3149
24.50439
29.53476
28.53741
34.00019
33.50774
30.14824
33.64741
31.12991
29.59307
29.67197
31.25385
28.38634
30.01675
29.86159
31.76687
31.74066
31.6229
33.79677
26.0841
27.22071
30.28276
30.90804
27.11797
29.4405
31.05267
28.98568
23.82409
32.46037
32.19184
30.97667
31.32543
31.16907
33.16385
32.26075
29.19489
33.17468
24.87385
30.581
25.72976
30.9575
24.63104
32.76636
28.48425
32.94962
31.34854
29.92427
33.85559
28.88615
27.4626
31.47075
34.03332
29.0017
31.48323
29.93619
35.2358
29.04023
36.55581
20.93445
31.2251
29.66367
32.27382
26.99748
28.95041
32.46796
31.96154
27.36159
32.15753
26.86604
32.77991
31.87025
26.98861
29.60703
27.61135
29.94415
30.30876
27.21014
33.40942
31.25751
29.11218
28.53161
25.47894
23.4586
31.48102
30.88613
33.05193
28.04925
29.10986
26.03237
30.25057
25.72004
32.93145
34.24759
26.08642
35.60197
29.62308
29.20102
33.77761
34.90094
25.8677
30.07615
29.99306
30.92307
24.74454
25.26289
32.45222
32.40272
32.81408
30.44839
29.97925
28.44986
27.98432
29.32804
26.96184
27.3386
31.79429
31.65055
23.97709
33.37469
29.65443
26.48412
27.74329
32.62481
33.3456
35.90236
32.40861
32.65949
26.58702
20.71346
32.27313
30.54913
30.86367
20.31092
29.79821
24.02565
30.77183
25.882
29.78404
28.87598
28.46703
28.34876
31.582
26.26959
34.62961
29.61058
28.13415
28.42307
27.92236
32.01553
31.86083
32.72451
32.44328
33.36916
34.23359
31.69263
28.93412
31.91461
28.90874
31.9721
29.43066
29.00451
29.63145
30.53578
30.58552
29.08857
31.04126
32.90443
30.52475
31.28028
27.67873
31.95098
30.49712
31.38797
29.42081
30.81108
34.48196
33.62785
34.94238
32.24304
27.79503
30.17154
32.6199
31.29123
30.76741
30.18785
26.87249
26.07315
35.36978
31.5267
29.15386
31.97063
28.37155
33.55543
30.12807
30.55544
32.7492
32.35872
30.03134
32.1824
29.85596
28.73785
32.40099
30.9975
34.05727
32.34115
33.65065
29.84708
34.70976
34.78069
30.62693
31.16733
24.34107
26.70638
29.58621
28.92366
28.94489
28.60099
30.47273
33.20782
27.81881
31.65
27.41148
30.82905
33.34052
34.05143
33.36472
26.82546
26.62654
28.38687
31.13885
32.56318
35.0929
29.65453
30.78458
32.90331
28.03264
31.50848
31.09095
27.119
28.66953
30.50948
27.52717
27.0259
34.90112
29.50021
28.42486
29.29169
30.46926
30.35498
31.65936
31.21461
31.05278
30.91654
31.48029
24.33638
31.71242
27.43416
31.11718
32.07341
30.29025
27.80626
32.06637
32.06066
29.56398
34.44633
31.16383
32.57325
31.35132
32.91482
25.88183
31.98511
34.65287
24.66662
27.97864
32.03097
32.83895
34.36406
32.60722
29.11706
30.12721
33.66598
33.26219
32.31141
35.14476
31.8094
31.72851
31.8548
24.43296
31.12974
32.35586
29.35472
31.46558
27.48259
29.89193
26.77244
27.82442
29.13719
30.85639
28.46346
34.64073
32.78584
31.33304
35.4006
27.52248
25.98637
29.95953
31.61729
31.9167
31.9078
27.10266
28.48203
27.11183
36.05752
35.15466
32.06229
25.89851
30.76268
32.92658
30.15242
29.35921
31.20099
30.45715
28.28573
31.44263
27.89748
26.77301
34.24047
31.29723
30.93802
25.86275
35.7353
31.26082
29.60898
32.02594
29.8181
32.0542
34.39948
27.49674
34.73875
37.17514
33.64996
26.19915
29.99291
28.17411
29.12687
30.15989
29.68261
26.1683
31.26921
28.43147
31.32768
28.17204
29.97245
30.74221
28.80793
33.28754
33.09338
35.74695
29.37143
31.31429
27.43477
30.16294
30.36913
23.69738
29.1641
28.43351
32.28075
31.64349
28.87995
34.27144
28.60934
34.4971
27.99254
27.28893
31.4418
28.71473
28.77995
26.41135
32.53692
29.98484
24.93098
30.48162
27.7379
31.55432
24.43494
32.46998
25.09941
34.6927
29.60681
31.51702
24.16192
31.44169
29.32553
27.1472
34.01017
31.17762
29.98224
27.05495
33.15831
33.81633
25.52737
27.92429
33.82795
31.11432
33.38431
33.33195
27.21501
26.75579
31.1483
33.16659
29.05063
32.07576
27.01174
27.63683
34.68905
30.30887
30.01444
29.9113
34.1306
24.33974
34.27776
26.57417
32.08659
31.74958
33.40545
28.94423
32.54696
29.45888
31.30699
32.4858
31.96301
31.66974
28.67818
29.99002
30.8121
32.04377
29.47349
28.41359
31.48769
33.40644
22.23333
25.72549
29.94373
27.42158
26.39701
29.54559
31.42466
34.62258
31.54758
25.61637
29.49116
28.17778
33.54652
27.35155
30.66968
34.65113
32.78337
30.39531
27.82838
30.75952
31.7335
24.60565
27.22848
33.21061
31.00151
32.0672
28.23048
31.2084
32.00344
31.27513
26.82904
33.83172
30.17863
27.50749
28.39779
28.79347
27.89547
28.92786
29.94639
23.75054
32.26751
28.49157
25.85499
30.54486
26.04074
34.33511
29.40767
26.13838
34.19304
25.17264
31.63712
30.4415
33.3085
29.94212
25.46252
30.77321
29.67801
27.60682
25.72912
31.2051
34.78082
34.67254
32.2623
33.33291
30.82041
33.52364
29.29472
32.13635
34.60434
29.52684
34.61322
31.61684
33.35699
33.32272
32.64132
29.1169
28.70435
31.69881
28.61119
29.16376
28.97484
31.35617
29.01476
28.46746
24.99408
33.9172
33.43866
26.48583
34.95218
33.85364
30.97053
31.1767
27.89189
27.99532
28.82168
31.75592
30.69274
30.54252
29.67045
29.54691
31.62289
32.82595
32.28185
30.14137
28.59848
30.04168
29.31041
25.43107
28.06285
30.42135
27.99442
26.6492
27.84771
27.66671
29.92555
27.39705
29.66853
32.57201
30.54508
29.34986
29.82332
34.6764
29.95967
28.77012
28.31775
32.50198
36.34835
30.85085
31.74052
27.76743
28.93004
28.33576
27.71068
32.78295
30.47865
30.105
32.99944
30.62701
29.08255
28.11294
36.00506
29.77717
33.56106
27.39651
32.74588
28.98455
34.19904
30.58296
29.20052
30.61413
31.84849
33.94875
28.31566
33.58683
29.96063
27.0419
28.74504
32.86927
32.76538
32.59238
33.07337
28.87221
31.13674
29.70813
32.8285
34.3174
26.78358
29.37537
33.72661
31.52988
33.16943
32.12963
33.22591
34.90638
31.85539
35.77651
27.10288
30.00164
33.17493
29.25806
32.80933
27.97661
27.38063
35.93403
33.43087
25.50495
31.81187
32.2163
27.90672
27.96657
28.74371
27.36999
23.40237
33.1852
33.36305
32.86332
33.26625
29.96106
33.43298
35.66555
32.66746
32.451
20.98113
27.9232
32.70327
29.47645
26.94464
32.55797
30.25999
33.47853
29.13779
32.44349
33.22884
32.08799
30.05302
33.13935
27.57318
26.7347
28.95683
25.88664
31.95449
32.03672
35.2096
32.79502
34.6425
32.75965
27.14234
32.04152
25.87692
31.46264
34.20971
32.26218
31.04947
31.70902
33.15954
34.32591
32.4836
30.27613
24.78935
30.30699
31.97352
27.46376
28.47586
23.94469
28.41705
33.70934
30.86986
31.66798
27.76074
29.08877
31.24949
29.78146
28.73857
27.6664
29.89687
27.74933
30.42574
33.4549
26.84198
30.82191
29.38541
31.3062
32.45705
35.71936
31.38481
28.48084
26.4492
32.79753
30.10975
31.09645
27.49768
29.12519
30.41009
31.7919
32.47808
33.97321
30.57528
36.16545
28.58211
32.86281
32.54178
28.81718
32.5889
31.59791
34.96523
27.15279
32.57573
28.49115
35.36885
28.38827
30.91179
30.82794
30.1338
20.4876
28.81502
28.78052
26.22216
32.4381
29.39241
35.229
26.34343
31.21532
28.61341
26.22443
29.50109
31.67324
31.65564
30.52976
35.27624
29.63867
31.46542
33.535
34.13487
30.07825
31.96033
27.28759
31.91559
33.63513
30.08538
33.51345
32.40452
30.02063
34.60864
25.46449
32.11955
30.46029
32.70956
33.21787
28.68278
31.84899
28.02
30.39692
30.82684
27.25464
30.04013
32.4096
30.37293
32.09158
31.2369
32.54306
28.02617
33.93375
26.71927
28.05009
31.61077
35.27695
35.11024
26.96314
24.41116
27.94206
34.22389
24.69763
31.10425
24.55672
27.62398
26.36003
30.25856
20.23394
26.57174
31.27189
24.46107
30.13914
25.04899
30.29411
30.80047
32.48923
32.94941
30.50779
27.79778
24.21547
31.35126
26.70287
35.73145
32.74496
30.95953
30.41023
31.31505
31.30892
32.40963
30.72603
28.76378
32.85875
32.78831
28.17755
32.03058
29.61784
30.88522
29.76185
29.97124
31.87234
32.99174
29.87981
34.59082
30.0391
31.38503
31.3748
29.95664
28.49836
27.60557
31.02814
23.34319
31.86078
26.45427
31.56633
26.41444
23.86461
29.54498
31.89422
30.20831
30.50247
28.28029
30.07433
32.88115
32.24215
32.84081
24.65054
31.90666
29.80247
33.76125
33.86219
30.67937
31.76099
32.26262
30.92081
28.60845
30.95165
28.22564
32.95267
28.63408
31.95701
32.12477
35.28279
30.41681
30.12436
28.7815
33.40087
26.28613
25.02104
26.01211
32.3463
27.01972
28.73728
31.57777
32.41055
30.70109
26.72982
32.2434
31.15021
29.86382
30.66308
31.87355
30.13955
33.65062
24.84103
30.509
26.7964
29.19579
30.03893
30.00421
30.56354
30.62218
28.22021
30.00871
31.10644
24.58113
29.04193
33.34528
28.28262
31.0629
28.71079
29.63248
34.17147
29.60382
24.55709
32.72304
35.60983
26.99363
27.86716
33.99363
34.17263
29.25051
27.72112
32.8531
28.44877
31.05325
29.54352
32.84472
24.81839
31.26491
28.64091
32.41495
35.47545
30.89595
28.00992
33.76649
25.67507
31.0296
34.40211
30.89116
31.64021
26.21334
27.89721
30.8308
31.92418
33.26641
26.73244
30.26054
26.97714
30.1962
29.63465
31.63549
33.42443
25.94637
30.75232
33.57915
26.60025
24.76406
30.9192
30.20568
24.85254
33.78297
26.66594
30.79288
25.60218
32.92301
30.98792
28.20761
32.96284
34.75404
29.48364
33.67529
31.47489
30.6341
30.18788
30.58836
31.24772
24.97682
28.48079
31.53967
31.04641
32.53992
34.53194
31.94943
32.15088
34.72235
31.132
29.49985
29.35672
33.35525
32.96598
35.62672
32.65454
30.98236
32.41913
25.56791
30.26879
24.4248
33.8648
27.06215
30.11436
30.45288
34.44386
27.93256
33.34906
25.45748
34.10843
30.09395
27.67736
30.82068
32.52769
23.57537
33.36841
26.91362
27.2969
25.60948
29.82249
29.15109
30.90969
33.63596
31.29232
32.08519
28.12982
24.73922
32.97464
31.1581
31.40422
28.63792
34.56692
30.06285
33.25187
28.56181
28.18781
24.89346
25.2007
32.43537
28.76064
35.34003
30.3356
28.25821
26.62776
27.61287
32.32676
28.80643
34.32812
34.40337
30.00941
33.70465
29.77565
27.25786
33.29308
32.55972
26.57266
32.9442
34.81185
24.42138
28.94394
33.24355
25.49359
31.61012
35.53131
30.07511
31.12914
30.93833
27.48806
32.26254
32.91289
32.0349
31.09013
31.39808
34.04279
31.75122
28.51673
30.23978
26.29602
31.10412
31.72942
30.20571
29.76325
29.57658
33.17909
32.45185
30.43127
30.09936
33.52154
34.13795
26.06178
28.12815
32.21352
31.24945
34.29263
29.00985
31.42046
29.24766
29.45468
29.55658
33.22654
34.07079
32.59223
30.3716
27.14164
31.93386
30.39219
25.19641
23.69966
30.85417
28.9762
27.85105
31.8395
28.81482
25.36689
27.32706
33.06569
28.71891
32.26644
35.67342
27.28333
33.34546
33.7529
33.48541
33.91067
24.499
28.17295
34.87178
25.60868
29.32091
29.53398
29.06455
30.15706
34.09078
29.84089
26.49709
28.24845
29.29838
31.59382
34.83201
31.17316
32.13662
29.19952
34.81026
34.44983
29.62868
34.4583
35.55214
32.36511
31.84815
33.92739
23.73141
29.26196
32.69398
26.91688
25.32818
26.31054
30.32053
35.18859
30.56158
28.18007
22.80988
31.32275
27.74116
31.07405
31.02858
31.59593
31.48236
29.71991
31.3924
32.68096
32.52163
23.93855
33.03974
35.39235
33.15012
26.44605
29.66564
30.1469
26.1916
32.31918
30.84874
25.10471
28.61768
32.98229
28.52585
34.36198
33.6505
28.8568
29.72653
25.55338
32.66543
35.02283
29.32799
34.34171
31.63833
33.4164
28.69274
26.23394
30.70081
35.36837
30.8985
23.89924
32.84611
31.86849
32.13614
31.89849
28.31709
30.93585
34.85525
31.09963
30.71096
31.70434
30.46205
34.03535
32.26594
34.86256
31.67228
29.60821
33.27372
33
31.34996
29.69186
29.51218
32.02148
35.18721
34.37549
29.85656
32.8079
33.96441
35.4748
25.67668
29.68301
31.6375
26.41681
32.35391
20.21753
32.55207
28.09031
31.59066
25.28561
34.15182
28.86369
28.29492
31.81261
27.02227
27.24577
30.36019
31.79021
34.02555
26.89394
31.93151
29.73369
35.17997
31.91167
31.54122
28.43534
28.54901
26.92067
27.83202
31.73014
31.18097
35.00745
29.96784
30.75502
30.11132
29.03583
32.52635
35.19136
31.82749
30.88035
31.35469
31.71528
33.72618
25.10457
29.11147
26.99796
29.97915
33.75872
27.05902
33.98207
25.34488
31.25101
29.7096
28.00824
27.8695
30.83638
30.80492
33.44511
27.65803
28.74944
31.62763
35.42654
29.35553
32.68274
31.28454
29.2615
24.55149
31.23884
32.47681
24.06831
29.30582
32.1426
30.01366
34.64588
26.01742
27.53111
28.40128
29.47079
29.18374
27.95611
31.52001
27.52556
31.20059
23.97963
33.03813
33.4903
35.54128
30.13679
26.14978
28.504
29.97923
31.05292
26.58012
29.36794
31.42392
29.97971
25.00892
31.3721
29.5955
32.13877
27.8023
31.99653
29.4775
34.22058
31.70698
35.21972
34.44744
30.34942
24.10289
30.28728
33.12301
34.5134
33.97132
29.38454
33.48891
33.57312
32.89272
31.91787
31.43151
28.86134
26.431
27.19975
29.94498
32.47847
25.73312
23.36528
30.11346
33.03972
31.0366
32.54193
36.30119
35.26093
34.16064
27.86915
26.16393
31.00451
27.9889
30.41915
32.55987
33.93205
29.7495
24.12798
31.67875
32.58147
32.74762
24.36334
27.5645
29.39589
29.87794
31.98924
30.45119
33.17506
32.60923
28.56943
27.16667
33.6687
28.294
32.85144
29.87584
27.28585
27.46726
33.85798
26.10018
27.83482
31.04611
30.09159
28.29118
29.06835
31.12078
27.24239
33.01481
25.74184
28.18817
27.228
32.71914
32.00277
28.09356
29.23746
27.95043
31.01866
33.54344
29.96461
27.79051
32.3683
32.24314
30.39144
31.30118
26.88711
29.62403
33.38313
34.12108
31.82484
29.84025
26.76232
32.05138
33.11269
27.97078
33.74508
30.89917
33.21566
29.2841
30.35781
29.77313
30.78236
34.55653
29.3351
31.28898
25.88714
32.40629
30.20411
28.06872
30.83707
31.9059
33.86876
30.40512
24.32164
28.72107
28.9573
29.44029
25.69209
31.89335
28.37158
31.41639
29.49905
35.5565
32.40332
29.94086
26.76644
33.60228
26.91303
36.80355
28.3621
28.75939
30.09316
29.658
31.47049
36.11125
28.08417
28.9941
31.8689
25.76544
32.89114
35.10116
29.38455
30.03864
31.8021
29.23289
29.81613
34.28965
34.64645
33.55497
34.79971
31.60728
30.69017
35.05824
30.61446
32.04874
28.68926
31.37009
28.44333
28.73417
33.47035
36.02127
32.23101
30.368
25.76881
27.33212
31.27855
28.89782
31.75736
30.97672
33.02784
30.95241
28.41511
28.31213
28.40267
30.38012
26.7194
30.38134
29.70665
25.32832
29.42238
30.06967
28.80471
30.85632
31.65173
32.11612
24.89916
31.36549
32.98312
29.33192
24.3815
30.24745
31.45232
28.01848
30.24102
30.79202
34.47408
31.06258
31.69011
27.7488
30.49488
26.41833
28.71983
30.87124
30.53729
34.43074
35.01082
36.14205
31.88177
27.57317
32.55644
33.80978
30.26273
33.26474
29.58191
27.06598
26.39132
35.14227
29.95604
34.91194
32.92375
29.81942
30.87229
32.43908
32.89299
31.28508
30.6304
36.04121
33.62407
31.32759
36.10891
30.74653
28.69502
29.53723
31.81409
29.06887
29.70213
25.54351
35.25868
28.50419
28.5052
30.07392
33.73943
29.81138
28.0101
32.14265
31.67097
27.51881
32.39698
33.94661
25.76302
25.58343
31.47261
31.9454
31.16281
27.23887
26.09021
29.12746
29.70114
34.28481
34.49576
33.51198
31.0126
36.53228
34.4803
32.94605
27.95184
29.70503
28.15469
33.7553
33.2624
26.4756
32.32066
32.47625
23.40576
30.59083
31.24577
30.98641
30.0605
31.00697
33.43379
34.96523
30.44387
33.03164
28.80778
29.31236
30.49558
31.1507
31.73651
23.71297
31.27235
32.082
31.18424
31.02572
28.92658
30.29416
35.94672
25.51043
33.80672
31.65639
29.1582
24.76529
25.60628
29.59658
33.32216
27.86436
34.16109
30.01083
28.42403
30.11822
32.84999
24.60675
32.61457
29.75805
31.08023
30.42282
25.99043
29.19376
33.81901
32.20394
29.61634
30.94797
31.57008
20.83518
30.81239
24.24376
31.34512
32.17701
30.40437
29.9157
24.32271
28.81882
31.13451
26.12153
29.34016
26.07327
27.7777
30.27682
28.33699
29.32624
28.17503
34.80205
26.27299
31.95616
32.06795
28.09814
31.40184
25.94779
29.80216
29.45596
30.1994
34.90813
26.67548
31.854
33.54148
33.22963
29.53796
28.83157
24.4503
33.26031
28.19775
28.1665
31.62521
30.93196
32.87927
32.25961
30.48778
28.44264
29.3555
28.67874
32.9609
31.87466
27.78155
34.94468
29.88091
28.48239
32.99707
25.43669
32.83099
31.85154
29.97687
32.93394
34.42962
30.27916
28.89398
34.93421
29.44081
29.69578
24.861
30.27636
30.60234
28.01504
31.16804
32.3505
32.99771
29.6912
27.48633
33.30799
29.62294
32.6711
30.67601
30.38918
31.13883
29.13154
35.21917
35.14387
30.18705
31.34047
31.52066
31.38423
25.12374
30.31508
24.33659
24.15667
31.2549
30.79084
32.83845
32.35348
31.41496
27.8244
34.85252
34.63979
24.62078
30.44691
27.97018
31.79316
34.35361
31.86185
31.94246
26.37682
32.9185
32.23065
32.32629
31.33884
30.88096
33.42204
27.30622
33.9552
33.10944
24.61505
32.57323
27.27325
25.79825
27.59836
30.24948
32.40138
32.64338
32.55108
34.45747
33.4956
26.5041
29.1846
27.752
34.71507
29.29362
22.93812
33.25553
28.26191
31.53387
31.8133
29.18993
31.34019
28.8091
25.45999
36.2649
35.23708
29.70085
34.19791
33.78814
32.51776
30.6809
27.59423
27.08571
30.12165
31.96371
34.30434
28.90225
34.0219
29.66564
34.57021
30.2849
32.20757
24.2787
25.95506
32.59698
30.58265
29.59793
21.34647
30.41929
27.52318
30.625
26.39461
33.13939
23.63769
29.62173
30.74182
33.26625
30.19688
29.87999
27.95316
31.43811
23.11576
25.12247
29.93931
29.04238
31.72216
34.2063
34.6995
25.45552
31.27998
32.2974
30.65964
22.32195
31.43471
29.65294
35.49891
27.11278
26.912
31.55794
31.84065
32.44226
30.00377
29.91759
30.49141
24.4869
31.48638
28.12971
31.85375
28.57245
30.19826
32.11616
33.18803
29.13564
29.88078
32.75855
30.84293
35.69768
29.52001
27.1154
26.84089
29.09221
24.52075
27.81668
32.45558
35.3366
28.58019
35.17035
32.17189
31.16328
33.1281
27.65895
28.37338
31.3037
30.36784
29.15153
29.40996
25.56723
32.05096
33.91985
28.53895
26.11225
25.51935
29.63604
33.81851
33.6726
32.6089
24.6375
24.79246
27.2296
32.36654
28.72896
33.15207
30.59757
29.9831
30.31633
30.46626
32.51886
32.33181
32.52401
30.03253
30.30588
30.66994
29.07624
33.61271
29.36245
24.69202
20.9541
30.16711
30.33183
34.44496
29.28087
30.5239
32.24415
25.34803
26.99288
27.61351
29.54102
30.22375
26.21037
32.88326
24.23968
31.66727
33.60492
24.77627
30.34817
28.20545
31.48994
30.95796
23.27547
24.47611
26.01943
30.78083
26.91945
33.85936
28.98806
32.31988
26.08082
28.92737
30.96856
30.52276
27.83666
32.48809
28.49942
28.67882
35.20125
29.76745
33.63632
24.78586
24.27006
30.84026
29.23614
31.10274
29.83558
31.69556
30.18793
33.35806
31.94239
31.47421
34.65263
27.2909
30.92585
27.85326
27.21848
24.23796
36.4008
26.40799
29.52052
31.66959
32.20298
29.03471
29.54536
33.99543
24.7884
30.09625
29.19596
32.94007
31.62726
28.61658
30.83969
29.05271
32.38083
31.2561
23.38276
29.84355
31.12869
30.12348
27.90602
35.67426
31.8116
26.5418
28.56361
24.08892
28.65527
34.36172
24.20683
26.89261
29.11023
31.55129
33.63555
25.61068
35.00191
32.45131
29.12506
29.44435
30.80957
31.6267
31.42539
28.03253
28.51504
28.92982
33.61751
29.96042
33.44622
31.82613
34.16854
25.28959
32.20902
26.36506
34.15818
34.7963
32.0379
31.21007
31.39338
25.29222
31.4448
34.44695
27.9215
31.34367
32.78729
31.60894
26.65741
34.18997
24.98959
31.83398
35.68376
30.16103
29.83688
28.86354
22.66728
31.72423
33.90922
27.88607
28.02357
30.41728
29.7335
31.90482
22.74406
32.5869
33.41185
30.95649
27.56797
29.87159
31.80197
29.60751
30.16775
31.54253
34.78793
26.08517
24.43686
32.92552
31.73996
31.8785
30.88261
27.85914
29.64345
34.23702
25.59403
34.17478
32.30882
32.12397
28.97257
29.14294
30.41974
31.64957
28.92451
31.31583
30.7693
28.66593
33.67625
27.73601
32.81573
32.87292
32.19741
32.13634
31.01981
30.06383
32.26302
29.74426
34.93706
28.67328
28.5056
28.106
29.42825
33.58744
30.25511
25.48942
33.13552
26.76989
31.21409
32.90057
31.40285
24.91134
31.649
24.82225
24.53465
32.7555
33.22968
33.76274
30.38931
34.27922
33.88121
24.1565
29.48133
28.24488
35.68907
30.04079
30.78507
31.98341
28.46717
31.59907
30.64007
35.2728
32.06293
30.2331
31.61984
30.05083
33.14218
32.64954
32.27695
28.11032
29.58261
34.50191
24.73859
30.79065
32.80178
28.07399
29.48272
35.56376
32.32717
34.93377
26.45962
31.30475
32.11393
23.97735
34.93456
28.58009
29.31174
28.6294
27.54568
30.41448
26.2189
34.2275
29.22566
34.9031
34.23074
31.44047
32.16951
30.19921
31.73654
31.77125
34.22797
30.95454
31.37847
35.33702
23.16383
23.02423
32.52491
28.12761
30.21457
29.15022
29.05888
29.77756
31.21947
26.65449
31.43791
30.47598
27.92879
29.80424
26.8525
35.15564
32.9353
28.17594
33.62234
27.75812
25.48248
33.73019
31.10893
30.84543
32.15404
33.7948
28.31753
29.64717
31.16555
31.9697
30.86168
23.22296
25.10046
30.9789
31.5273
31.33546
29.21029
30.44193
31.99106
25.16726
27.15652
26.98704
31.77583
32.44173
25.19058
27.78079
33.02355
32.56926
26.64487
30.09992
31.92914
30.78528
31.88377
23.30119
31.92053
30.84631
34.12509
33.5723
25.13848
27.65042
28.20843
30.28498
31.06758
31.4355
33.30116
28.61182
28.65214
27.23072
34.77731
28.22135
33.5671
29.98387
29.89204
31.76833
24.11785
33.23427
31.28998
30.36625
29.44525
33.21833
28.22582
30.59144
27.61785
31.9517
27.97973
30.93774
30.06736
33.29279
26.80266
31.05452
31.74097
24.98819
23.31364
25.76565
29.32378
32.33188
31.56079
31.561
25.91814
28.792
33.62929
32.03226
32.21909
33.03995
30.35713
23.96338
31.75373
32.93126
36.42536
29.551
27.76896
27.23081
25.16705
35.49561
33.12098
28.87004
30.304
33.34909
35.42562
30.10933
35.72998
24.77816
31.16713
29.18322
31.38727
27.36277
31.88631
29.03934
32.75594
32.26896
26.54574
33.96174
34.25404
30.09743
25.1755
26.37171
31.4589
31.0787
33.84984
28.23072
32.30532
34.35637
32.19961
33.15298
30.47206
31.32234
31.97228
33.49022
36.08596
26.88472
29.18853
35.22788
28.96517
32.26807
32.14535
33.04446
31.85529
30.26795
32.71992
29.77036
32.16457
35.12027
30.8028
34.85915
32.16195
30.39453
30.91108
32.75769
35.00313
26.9361
26.2564
33.14196
33.40335
33.37209
32.5019
31.74023
31.69943
30.21766
35.02235
32.74067
30.69845
28.50076
35.01735
26.49348
27.50074
30.38895
26.68332
24.6495
32.53161
29.98057
31.94065
32.96129
33.73851
33.48391
29.63629
27.56541
35.12242
29.73738
30.97845
29.32904
34.83065
33.70299
26.59737
29.50301
29.79852
30.01061
30.29037
35.7013
29.30859
29.32601
35.85926
28.33564
29.54046
28.44349
35.15734
23.54631
23.35859
28.70545
32.62754
35.82329
28.31943
30.90641
32.30526
28.70232
30.26234
32.48101
29.42335
29.83989
31.55142
30.6603
33.71795
33.39643
30.6927
29.58809
32.95209
25.18364
31.70578
32.30555
35.77591
27.06251
24.52105
31.84808
26.50869
28.01646
28.61916
30.85962
27.55549
28.36919
30.73154
28.25592
33.01725
31.43553
34.9957
32.38598
29.05924
28.76927
30.959
31.62112
28.83025
29.49494
22.83966
28.93713
27.68387
31.42536
33.87799
28.20144
25.98398
31.48348
33.70771
27.40063
30.70184
27.24306
32.42403
24.59046
28.45714
27.88639
34.4492
28.28734
28.06358
30.88254
29.67582
34.73561
30.78436
33.57741
29.61527
27.17584
31.79566
25.29782
33.88097
28.96934
31.96061
30.74508
26.33473
25.96626
30.00961
29.50407
29.43009
35.0732
30.21536
29.69157
28.4812
33.0686
31.56995
25.82045
33.41805
25.70186
31.03085
31.07348
34.20607
29.08784
32.12251
35.16703
31.84204
29.01345
34.15639
25.97766
29.31219
29.79121
32.03716
26.92643
31.97751
28.92822
29.39952
32.26986
28.92616
28.29547
32.51028
30.28565
28.7758
31.06787
34.10487
28.56222
30.31831
24.1796
30.46994
28.7949
33.31447
27.66274
34.41219
26.95551
31.87929
30.20615
28.15106
34.65627
25.63533
34.97216
26.14895
25.6854
28.57382
33.47791
30.72989
33.57647
29.74229
32.09094
29.58904
26.6195
34.77916
25.06129
27.24337
33.48732
30.68769
24.51603
33.01164
33.91775
27.48972
32.27888
32.64159
24.89527
28.17065
27.52466
28.15062
35.82333
31.45577
27.12483
31.04748
30.19223
26.2977
30.48529
32.2127
31.6888
29.06736
32.89336
24.5673
26.06584
32.10835
30.38012
30.11915
25.49257
27.40971
20.44443
30.33324
29.5598
29.94166
28.83096
33.22962
32.4604
26.70828
27.6084
30.27453
35.14919
29.06285
32.38671
31.792
33.01802
26.49102
33.9465
24.6421
32.40994
28.97837
28.5
34.64218
30.21514
26.72896
32.27626
28.11838
31.79715
30.31481
32.98902
32.90057
30.33957
29.29022
33.87356
32.1752
30.28634
28.5143
32.77579
32.45181
32.83123
28.96844
26.90299
34.89837
36.11911
30.77386
26.03963
29.50874
29.4687
31.82682
29.64561
26.22509
29.90321
31.15803
29.29293
26.37119
33.22768
26.3578
26.91982
26.20181
29.79643
30.85921
27.49383
30.2543
32.62456
30.63187
32.62852
28.06356
31.26207
32.13134
29.39234
30.6949
29.97741
31.72926
29.86833
24.54115
29.23359
29.74977
29.7328
35.13449
30.77412
27.08813
31.59109
30.73973
27.03758
33.96469
29.61934
28.74098
24.43735
28.17923
30.23973
27.65846
29.90142
30.9696
28.63217
33.35031
28.48819
33.57814
30.48738
29.76755
30.44631
29.16854
30.21886
32.31949
27.42426
30.44753
31.38041
31.90101
30.89606
32.47926
27.91967
26.62194
30.58616
25.18848
34.16291
30.31574
32.62119
25.22217
29.73821
30.17239
31.02111
31.96716
31.60369
31.73017
27.23525
26.36065
24.85079
34.12981
33.44116
25.56817
26.69379
33.3829
31.19648
29.48867
31.87509
35.40166
30.63612
31.49659
29.99549
31.26326
33.30463
27.72278
32.24355
33.85788
32.28425
31.73306
32.46275
30.41638
30.49823
30.69649
31.33523
33.06733
31.52646
28.09543
32.10444
30.05302
26.99464
31.26257
29.83178
28.59505
22.10937
27.2377
30.42656
33.00344
32.60342
25.79535
31.27723
32.17696
32.07913
32.18475
28.74922
29.84031
35.6758
31.46435
29.61709
29.97917
30.95915
27.13194
31.80823
31.94437
35.19804
32.13835
31.25738
26.79622
31.87531
25.41699
29.63496
35.37152
24.17986
31.10664
24.38083
30.21874
32.30021
29.87043
33.04025
31.60214
26.96252
34.93167
32.01051
30.20128
30.79682
33.16552
28.21879
31.18471
32.29871
30.7179
30.29889
30.09787
30.24779
35.07633
31.94253
29.31521
32.21708
30.98628
32.75279
30.39426
31.99281
33.67765
30.73075
33.73
33.70499
29.32026
29.06019
28.40913
31.47543
26.59914
25.53131
31.4316
31.71262
25.91437
35.15265
33.43204
30.85178
26.05562
29.05035
26.3482
30.9677
30.55274
31.83185
33.7016
27.38716
29.40928
35.24197
33.31772
28.11428
29.76249
29.00107
27.71284
29.00357
31.47264
34.28322
33.67841
30.8025
33.95737
33.18685
32.77839
35.94452
24.03874
31.81684
25.55804
26.50419
31.19784
31.54546
32.48405
26.90808
30.72431
28.11095
32.02099
28.03474
30.67923
34.49813
30.96369
30.06635
29.60173
29.40732
28.32504
31.02072
31.5614
26.83589
27.91068
30.789
22.98628
33.36634
27.10676
32.95354
29.22869
28.14808
30.76553
31.10405
23.76804
25.73843
35.43062
28.79113
34.85414
32.46699
28.89898
31.51506
34.96664
31.69661
30.38762
32.01716
30.18946
30.40939
34.15627
29.20396
32.10805
28.24483
34.02264
29.40132
29.20044
29.40384
29.00078
33.17736
34.758
31.68411
26.248
31.64184
30.87034
32.52018
27.26999
35.14687
22.54166
32.97287
29.16397
30.94331
30.64155
30.42121
29.93238
24.32792
31.22401
30.98214
31.14208
29.16217
30.08933
29.97069
34.73613
35.27168
24.42959
32.71141
34.5512
33.90889
28.51835
31.13619
33.27151
31.18294
30.13419
27.80221
33.66247
34.5184
30.29979
24.39639
30.41741
33.30793
28.60081
30.61176
31.97985
25.67621
28.83063
34.84724
32.37908
32.61602
30.27972
34.91339
25.83289
25.94752
30.59574
30.49755
29.64537
27.9425
30.29511
35.01749
29.72112
27.30342
24.32537
33.6044
26.78966
31.02522
32.3152
31.14801
23.93546
31.15585
32.92805
31.16594
33.57743
31.99843
29.80104
27.12394
25.92203
29.1809
26.3857
29.75215
32.40274
30.23507
32.81469
34.87455
27.24063
30.20815
32.37341
27.38994
30.22269
29.29996
26.637
31.68873
30.29433
26.67921
27.51593
32.37531
26.76386
30.27493
35.32298
32.89942
32.12418
34.4145
32.59739
31.2412
29.83641
32.50634
31.36163
34.10044
27.11518
27.64857
29.69611
30.46476
26.75948
35.08928
27.69293
28.72991
32.63639
34.15778
29.52536
30.81022
28.8427
24.41547
21.16447
27.1281
28.79943
25.31787
25.60271
33.92661
30.21441
29.58252
33.96254
26.41485
34.43405
34.89229
28.62065
31.06611
30.19964
32.25209
35.42696
33.65939
33.77057
28.97544
28.88282
28.01949
28.1479
30.39108
24.07375
28.59527
31.18451
33.18784
31.67546
24.28032
32.27903
33.78485
31.12294
29.69318
32.35519
27.91303
32.27815
27.11063
27.24706
26.50261
34.99996
35.41125
34.86305
33.57437
29.88708
31.17923
32.65233
29.90948
32.78811
32.44662
28.90241
27.48821
29.15629
31.49918
30.62249
32.29951
26.35571
26.97416
27.60635
32.10895
23.46038
29.92599
32.16195
34.67471
29.45637
35.12085
33.24566
31.96647
32.72473
29.79386
25.91875
32.8052
28.71938
32.1468
28.59671
24.43479
33.26826
27.41501
25.78763
28.55797
33.35396
30.04303
28.44261
34.49392
30.94227
23.04111
31.57394
33.17747
30.83761
25.16054
33.82809
30.02918
32.82474
32.10978
31.82194
33.32346
31.73343
23.3344
31.70317
27.31836
31.56634
30.66333
30.41634
31.88017
35.29763
22.3758
31.63881
31.70575
28.16567
23.91693
31.46685
34.14624
32.4329
25.31652
30.55619
28.72557
31.82678
30.22163
30.37572
26.35639
27.82007
30.16889
31.90154
31.20793
33.71031
34.75905
34.562
31.34583
26.76655
26.66732
27.88006
28.42832
30.71892
27.10494
26.43419
30.70034
32.35972
33.24039
29.70119
31.41198
34.32195
34.76702
33.11433
29.65017
23.63621
25.60493
29.4013
28.44125
35.59731
31.96399
28.90895
28.32236
28.12766
32.54321
29.11896
26.15983
29.25322
25.91951
30.26884
29.45063
26.34432
29.80822
30.89433
30.00968
29.56155
31.2242
27.38832
26.77652
28.7419
30.52609
35.29134
31.53417
28.19592
32.46569
28.66059
30.60265
31.26978
30.08528
31.27438
33.56191
25.21844
27.52245
30.76336
32.76089
28.17139
31.88663
35.02495
23.62869
27.41521
30.7626
31.67788
32.94234
25.86245
20.25481
31.43608
33.25092
34.84826
33.08355
34.45121
30.69538
30.16881
29.08265
31.45013
24.8642
27.14281
33.97095
34.77086
28.52332
28.95376
32.87896
31.82425
31.43067
28.95347
28.83571
30.18805
23.32279
27.38056
24.68063
26.98606
35.42967
33.22163
29.70151
30.65777
31.94552
32.20116
30.16425
27.54777
26.56759
32.69026
30.19203
30.79939
32.78699
31.10003
27.66506
31.06663
30.28653
26.92148
29.94686
30.71367
27.96665
31.30202
29.91494
31.44636
30.24637
30.04018
26.6748
33.56346
30.4487
26.43689
34.55817
33.07357
31.09547
26.83762
31.00862
33.17826
33.33397
32.0517
34.11219
27.13131
31.2841
34.86412
34.43587
34.12843
35.64023
31.66952
30.83722
26.97528
31.23334
35.01442
30.3391
27.40059
28.52735
32.99956
26.49646
30.85765
32.08633
34.0766
32.15633
32.52868
32.62506
30.43434
33.31062
33.05077
30.9766
31.89282
31.81698
28.70669
28.20664
31.79265
27.27378
32.65771
28.65524
30.04212
32.32761
26.14132
30.67884
35.30889
25.68869
26.4635
25.48621
28.5794
29.7973
28.9436
28.31688
26.59824
31.36245
28.02431
33.30801
30.71503
30.78348
29.33989
33.48757
31.51799
29.86326
31.31394
29.90108
30.13251
26.3989
34.83281
35.72461
28.14167
31.22216
28.16527
30.81844
31.10076
33.78807
29.09729
35.23459
26.07501
31.13387
32.71893
30.07434
31.08491
30.29686
28.37032
28.87565
30.25621
29.70547
30.75581
30.0647
25.29569
30.59172
32.22428
33.84357
28.18887
31.76328
29.04072
34.87186
28.61767
24.10327
30.46119
30.9008
30.16698
33.0896
29.62937
29.05394
31.47709
28.80816
27.83291
28.79985
22.38373
24.6007
32.51385
30.90876
29.62997
26.36847
30.71044
34.87781
34.46395
34.00209
30.30679
31.08198
30.29478
28.39883
27.48797
28.72239
32.8452
33.94686
33.89782
32.52032
29.25662
26.85636
32.00813
27.92559
33.55549
35.83071
30.52773
30.66003
26.86015
28.45787
33.45444
30.25899
28.81489
34.94202
32.07781
33.01373
28.06989
27.48135
29.31251
28.34946
30.90631
28.41365
29.89494
26.74886
30.50751
33.24434
30.45823
31.94238
28.10637
27.13275
29.80187
32.52411
31.81475
31.07523
32.4712
29.44496
26.3728
31.88537
31.17894
30.32893
31.99752
29.50681
32.87286
32.63151
29.21362
29.22024
26.89039
32.19018
29.00723
33.35688
29.59492
31.59151
31.26589
28.73169
31.75461
27.55691
33.3771
30.74362
32.7766
28.22673
30.46047
24.66351
28.30141
33.84391
23.98259
31.9236
33.13343
30.28177
29.03255
30.53908
26.61332
29.87877
24.31921
33.13454
28.66591
29.5917
30.88376
28.33968
34.58208
30.94677
24.83983
30.17132
27.38886
33.02599
27.85285
27.57657
30.79315
30.13355
31.33245
33.91483
30.05699
27.18596
32.94244
31.78033
32.49783
31.07194
33.58635
30.29721
31.50588
23.36753
32.09118
26.58566
28.16596
35.28326
25.56213
26.77765
30.7578
31.86484
28.21612
24.65043
28.68449
28.66966
32.22245
29.53183
31.3311
30.28184
29.06256
34.05976
28.86821
27.64692
30.21393
29.48682
32.6907
30.5512
27.15694
29.62936
32.17704
35.15351
34.46684
33.44286
29.97922
27.74381
30.26987
34.80799
29.18071
33.43378
32.19269
30.39093
34.11318
29.79609
26.94579
29.30515
31.84179
34.06611
31.02158
33.82943
32.45609
30.53316
32.21233
30.95656
31.93197
34.14215
30.68394
33.0055
31.64323
32.99192
29.58083
27.67524
30.15513
30.54251
31.12546
35.09929
31.85459
29.43573
30.77665
27.97394
27.0057
31.83602
31.48977
32.84132
30.11079
28.08017
27.65437
33.98272
29.8104
30.85673
32.36879
31.72052
30.20165
33.16637
33.22611
32.01773
28.13164
31.70899
27.70962
31.69076
29.30775
30.19534
33.99063
26.5575
31.53159
31.60977
30.57075
28.12481
31.63058
20.4607
28.45513
29.55144
33.5505
35.2642
29.50101
33.45812
31.90311
31.02267
31.98566
32.38195
27.47787
25.62387
31.88217
31.78336
24.55381
29.7893
26.92809
32.09979
31.68736
30.99529
28.90984
30.17848
25.07155
24.01758
34.29683
31.27916
29.29919
33.58751
31.34523
31.93038
32.80114
32.11689
32.6786
34.75592
32.01062
33.72181
28.76183
35.05186
32.57024
33.03806
29.75864
34.40929
27.25352
31.17016
27.58332
29.09485
33.84267
27.96053
29.68217
25.94844
30.84459
28.08976
27.06542
31.06759
34.23848
32.17822
30.68718
28.66625
30.06699
28.80319
31.57179
33.36501
31.0395
36.55634
24.41097
32.46433
29.85973
29.36276
26.90541
29.81042
29.7448
29.65253
32.04186
34.55448
33.74289
28.27782
29.13995
29.86896
30.90268
31.31545
33.42594
25.08331
33.7052
32.57854
27.95687
28.34448
28.53895
25.98342
32.04031
26.61288
31.20776
33.13031
31.10769
32.07897
28.60058
29.79643
33.76616
30.54561
30.87265
28.73343
25.95592
30.3795
28.5075
30.59115
31.60923
36.1438
29.81925
32.55997
35.63432
29.53424
30.94782
26.09517
31.29191
34.66623
22.23801
23.57627
32.01293
31.51994
29.86514
33.43059
31.96556
28.60819
34.56825
25.65626
32.17234
31.07482
26.29544
29.12175
27.37037
29.11268
33.01626
31.74564
29.52777
31.7686
30.48684
32.02612
30.95225
31.66809
30.25737
30.66848
31.16708
33.80098
31.76217
24.81536
25.22879
32.18314
23.67002
26.37593
29.90444
27.37068
32.01112
29.01713
33.32727
29.2323
30.47115
28.04594
36.18549
30.08628
33.33924
29.9501
29.2132
29.58403
29.86052
32.66241
27.67861
30.57213
29.36015
30.78026
31.52226
32.75836
31.83165
29.34042
29.91286
32.52402
31.16854
27.96404
34.62276
31.96508
26.68005
35.02993
32.31511
24.8439
33.9968
24.93839
33.13531
30.75582
29.39183
28.51005
31.14232
33.41393
32.58556
25.15278
34.7842
29.32724
32.3795
31.96847
24.21636
28.98181
26.25121
28.51977
30.86893
30.6603
27.19649
29.52221
28.05617
34.40129
33.88024
33.58469
31.36412
31.22156
34.18241
27.02412
32.47194
35.20673
35.10392
30.60116
31.39679
34.70892
28.00307
33.9295
24.82733
32.78942
31.0865
29.53496
33.814
35.41288
33.55512
25.76751
31.41573
31.35849
33.40875
29.05984
29.13463
30.09937
29.91218
26.12395
31.97495
29.25473
35.02427
31.64829
29.38909
25.11134
26.3615
30.75198
30.511
27.94412
34.90863
30.17928
32.54748
30.70254
29.4567
32.55401
35.5418
27.71417
35.54889
35.26399
29.94371
30.34763
32.55128
30.63146
27.25221
35.39121
31.9298
31.24093
29.49103
33.97659
26.19192
35.07139
35.71708
33.12171
25.11399
31.96976
33.9122
28.01911
32.16236
30.84863
27.79524
33.14347
27.71803
32.73854
34.79299
27.56964
34.29457
32.5958
25.20225
30.51207
28.24339
30.30911
33.6797
29.29292
27.75079
34.65768
31.85307
31.24295
29.38886
33.21379
32.8073
30.96188
32.02211
33.95102
28.26716
34.10391
33.44296
31.78867
32.11514
33.70423
29.14188
29.59186
32.40714
31.72865
29.645
29.4873
34.23696
33.39877
32.37233
28.18835
28.37363
28.14906
34.88786
32.7342
30.43606
30.33858
32.78984
29.01818
27.27046
26.18614
28.73368
28.67143
26.15373
28.92632
31.3469
33.61634
24.17104
25.46993
27.67579
30.77008
26.9358
31.88898
31.73987
30.09621
29.95826
35.38557
27.64999
27.3583
33.16874
25.60333
25.75109
33.36588
34.83253
31.47523
33.05371
26.39529
28.38074
31.73459
23.97241
26.24167
30.93736
29.71903
31.69991
30.14647
36.18412
25.78067
29.27453
32.16173
32.11457
34.79023
33.77655
30.32225
34.2403
25.76321
28.2341
33.78031
26.72972
34.86824
26.07285
32.36331
24.68494
30.53392
29.25002
32.08821
24.86446
32.93759
24.85265
27.84383
35.38057
24.99262
28.88534
32.06376
29.29485
29.79291
28.28524
27.69239
30.9049
30.97508
28.6722
31.37313
20.42689
23.86032
29.09995
31.31196
24.40452
28.74746
33.88522
30.76505
29.52222
29.11023
29.62129
28.47155
31.12314
26.7671
32.27628
30.60323
28.07369
30.93714
30.2278
28.82017
31.28228
34.92702
32.32809
32.5691
30.1932
29.61935
25.15355
33.52884
28.52028
31.83689
30.57094
26.50622
32.90787
29.22526
30.39868
31.35465
32.97558
29.33301
32.50011
29.71414
32.74754
29.81846
27.65088
33.07147
34.4297
30.41385
31.27609
29.24264
30.77658
29.49374
32.68652
28.39882
34.37365
24.16527
28.85273
32.92982
29.03263
31.08603
25.12881
34.48348
35.09733
31.01533
28.715
24.50513
26.82849
31.08615
33.666
33.50721
32.09782
27.04353
25.77034
31.89023
27.86875
33.99571
32.44242
30.04242
28.32236
34.15881
32.00933
33.81413
30.6037
28.37415
30.7892
35.04679
31.81077
32.5813
29.4696
31.36222
30.58719
30.28938
28.6147
28.12769
25.68191
32.68328
26.73475
35.36655
31.79776
30.3075
30.61627
27.67789
30.16481
36.13244
27.78691
31.56859
27.83025
27.71459
29.16434
29.3652
30.49321
33.47927
26.72837
31.50126
24.28639
32.7557
27.05145
33.03878
30.15897
27.58217
31.50259
26.06058
30.50902
28.47283
25.29455
32.17215
31.59546
28.36691
27.78116
30.93311
30.32657
25.40388
29.56015
31.7023
33.5998
30.59967
30.45934
24.50442
30.18121
28.92189
31.12976
28.10609
34.57636
27.65329
31.89779
33.94851
31.27662
26.55817
24.49638
25.06942
27.78185
29.29881
30.38578
24.15642
27.34031
34.7778
23.59213
31.20268
30.41712
28.37219
30.68616
31.09758
25.98706
34.23327
31.27649
26.85075
33.68739
27.84415
30.11773
32.98431
34.35252
28.79976
31.12648
32.74216
27.36077
29.23363
33.86693
29.71915
28.7818
27.43181
32.1332
33.92719
22.76548
31.38073
26.90421
23.28956
34.74785
30.43803
31.57015
29.8424
30.53605
27.22098
27.29492
31.3669
33.63641
28.75623
35.72392
32.2369
28.7164
35.4809
33.93563
28.51271
32.15965
31.02822
24.13821
32.10568
23.78567
32.41974
27.60451
30.27222
29.52554
28.35746
31.08551
31.75376
30.45341
28.27253
30.20498
31.89508
29.69654
30.03639
28.74705
27.61798
30.07898
28.44224
31.27842
29.73858
32.62603
31.81489
32.85191
29.35082
28.61831
30.47252
32.95814
31.50481
30.85539
33.84158
29.22433
28.42248
30.55438
26.47301
33.86767
27.4184
30.1605
30.98588
32.37714
27.10013
31.55121
29.11121
27.39122
28.57454
29.53616
30.66866
31.84608
25.71488
28.49432
30.77932
21.10426
27.25931
34.68679
30.13515
32.15336
29.61663
27.76704
32.26126
32.90461
30.40083
30.35264
31.91105
28.84212
30.14896
25.81037
31.46767
24.82988
34.01324
28.37391
27.11819
31.62508
26.34428
27.6833
36.08152
34.40847
28.41458
31.64514
33.67318
26.81646
29.85585
31.40244
31.90531
27.9832
26.94551
29.36406
32.72736
34.24709
32.84721
27.65165
25.59918
23.9165
26.75188
28.93405
29.54284
29.64208
30.54569
30.57972
27.32501
29.56738
31.13947
28.53465
29.98561
26.57755
33.13719
33.39799
32.19561
25.06234
28.93451
32.73701
33.5173
35.92966
26.7749
25.31392
34.06896
29.331
25.7642
31.2522
32.92496
28.59768
32.94167
31.6716
28.63053
34.48365
25.77438
29.40577
28.01795
35.43536
29.39482
32.35294
33.53374
34.11523
29.21866
34.0828
33.06894
28.85033
30.54942
31.15776
28.28848
33.24079
31.33437
27.35964
30.17066
34.35292
26.91465
30.0263
28.41308
33.32249
34.63445
32.38894
30.49549
30.77238
31.46987
33.52962
28.62486
28.34385
27.69309
25.54085
26.2603
28.24488
26.32721
35.21497
28.08521
27.00828
25.5893
35.43173
26.28241
28.1354
29.33612
34.82606
23.96938
26.7367
33.32726
31.50674
31.16931
33.86333
29.20337
24.46294
25.80261
31.59771
35.04984
27.50229
29.23582
25.46763
34.25935
33.59185
29.70209
36.03178
31.3592
29.34498
26.82616
31.55197
31.92632
34.12379
28.75159
27.86727
31.39224
32.96446
28.56992
31.54575
32.92572
23.79393
26.56175
32.59211
28.93158
28.67728
28.7634
32.0007
30.29065
26.42082
29.33374
25.69092
29.22906
24.45713
30.98058
30.0942
29.98958
30.27741
30.73263
29.96798
30.95866
29.42161
29.41679
34.39162
28.71456
35.11127
26.38128
31.81189
31.38677
34.4257
31.99132
34.06898
28.1307
25.65032
32.55517
32.01104
31.41754
29.56384
31.10963
32.98212
31.76839
34.13422
29.36487
25.37852
28.78215
32.28811
31.77692
33.49653
27.28722
35.54253
30.28425
28.45585
30.07414
34.28363
29.36196
32.22473
33.3376
34.31076
34.3115
27.98799
35.34951
29.91775
29.35372
30.37004
27.6425
28.18977
30.40093
35.1313
31.08933
29.955
31.28101
30.33123
32.89906
32.22805
27.63674
29.24986
26.72126
33.34685
33.6088
33.11741
34.79639
32.69191
34.34509
28.09419
27.45688
27.30381
29.6086
32.15344
29.65842
30.41748
32.25216
29.22891
27.43663
33.59087
29.68157
33.88844
32.40882
33.74927
34.95977
29.04589
33.41322
32.85268
31.13266
25.34295
29.91465
25.53109
29.64967
29.8404
31.17578
33.02109
28.44166
34.72143
32.913
32.47333
29.45056
30.87921
27.58741
32.33544
32.65391
23.80591
30.02403
30.90534
27.35676
27.79394
32.04654
26.79679
25.98082
30.35916
24.79455
23.98313
30.39363
31.21118
28.1018
23.47291
29.91459
32.51616
29.13375
33.04947
35.53533
26.64186
28.63913
28.14288
26.83311
32.8921
29.16442
34.36332
24.08604
29.02142
31.86997
24.21512
29.69432
32.85797
26.12064
32.01752
26.65034
24.92865
35.55661
35.46625
27.08054
23.58887
29.93259
33.29195
28.97293
30.17617
32.15804
25.93917
29.37943
35.00182
31.92555
30.67959
34.04002
31.70443
27.65913
28.45275
29.3092
30.95638
31.58706
23.92153
25.71859
24.49782
29.03921
29.41665
24.58586
33.59251
25.48453
34.10594
30.24226
31.84674
29.00216
31.66323
31.62193
30.18068
29.83985
34.69638
31.9777
32.33066
30.84313
35.3095
33.33381
32.07296
32.60828
31.55939
29.9684
29.60525
32.32179
27.61199
28.46346
24.66093
31.16447
31.68965
33.70953
32.13812
34.57496
27.10184
31.60376
31.69298
27.26858
30.31973
28.28171
31.15342
30.73337
28.47979
27.25951
32.21005
32.78852
25.62631
28.24044
34.21784
32.66421
28.29703
30.90369
25.85872
28.48564
28.28848
32.08464
29.77062
32.64864
29.13287
34.4965
32.6773
32.00656
31.51886
29.07225
32.44162
34.35967
31.24438
29.36019
31.66667
30.39614
29.93329
34.09694
25.82207
30.8783
31.80853
32.3836
25.37516
27.57381
29.43479
26.08775
30.74187
30.09301
31.07408
35.8019
29.07502
29.00617
28.79218
32.82656
32.82154
24.69033
33.86378
30.67584
30.45237
28.35557
32.75598
33.06849
26.13829
27.5527
26.91376
30.07507
32.81103
33.69116
29.53759
26.94289
30.26307
31.91117
35.91998
26.90844
32.94044
30.90479
30.06787
32.738
29.87943
28.84717
34.6613
25.11059
31.19632
25.26922
32.48119
29.90035
31.25053
31.2992
30.25094
30.02841
34.46641
29.53853
32.83879
32.37871
32.97607
31.39322
32.23497
33.14811
30.05878
33.45113
27.47544
31.15826
26.27233
29.27385
30.06053
36.04634
32.49692
26.56905
25.99748
32.48845
28.69276
32.24067
31.93694
28.80185
34.87585
27.9261
27.8093
27.957
33.69445
22.58818
30.63682
34.4036
32.08816
33.85404
25.53012
32.47216
33.4992
30.18306
29.73677
28.50305
32.73099
35.00954
28.13441
28.41527
32.187
28.85067
32.25164
27.93889
32.22704
27.63102
28.06364
23.96261
29.58377
23.86509
29.46374
32.96618
33.19669
27.23903
31.83172
32.01602
33.38379
31.77308
33.18977
28.92823
29.72994
25.63597
32.18327
32.82664
31.42828
29.5475
30.32347
31.98811
29.69623
31.51175
32.47214
26.78499
31.97872
33.26126
31.05823
30.10669
30.34604
24.60584
27.98271
33.19471
30.21919
24.98634
24.10997
30.92172
33.14532
30.35177
29.34301
28.23956
34.80764
34.37198
33.96366
28.39775
27.47492
32.37383
33.44326
26.6871
32.04129
32.20082
29.09056
32.63425
25.21248
29.28207
31.82703
28.70372
35.21987
29.13887
30.27108
31.50778
32.31752
29.49498
29.28325
28.68687
32.34893
29.89648
27.04057
33.29661
31.30572
32.69175
33.57272
28.72906
29.08048
29.43399
33.51113
35.41833
29.2985
34.24609
26.15633
23.57374
24.59443
30.30919
29.91839
27.28375
24.69847
30.73758
27.95993
29.30126
32.41891
29.58924
35.26207
32.37169
30.40206
28.14383
34.04155
31.65818
27.47454
31.6962
34.03851
32.20721
31.13444
30.08491
30.02485
29.45332
26.19418
32.82183
34.61529
33.7478
30.05287
31.13474
31.75401
31.75959
31.91775
33.62357
30.48633
30.38726
33.46385
24.38585
27.8401
30.56073
26.83734
32.81656
28.70348
32.38542
33.82667
26.10223
32.07653
31.40068
32.38215
34.64859
33.67431
34.66953
30.55114
27.16683
27.58624
27.66677
31.06458
34.64504
33.78427
29.06701
32.82742
33.14766
32.05156
35.13687
28.53443
31.96966
30.99201
30.06509
25.28998
27.08706
30.92698
33.06337
26.91977
30.13319
27.03889
27.01922
29.42178
32.81223
32.04642
30.23875
32.13431
30.12711
33.39338
24.87549
28.08642
25.55415
29.78425
31.26701
34.41034
31.84137
29.98145
24.26475
30.48359
28.8705
28.86761
24.41124
31.59318
29.78271
29.35395
25.48769
24.8917
30.66253
26.62396
32.76917
26.97482
27.84541
26.3611
29.6382
32.29405
30.77948
32.2566
27.90086
31.64005
30.79039
30.09247
33.71988
28.51061
25.01345
27.66829
32.7125
29.87099
33.54556
29.69969
29.0984
32.49759
27.59161
32.01672
29.469
28.18999
31.75879
30.33106
25.37316
34.21156
30.45955
32.60931
27.78134
28.29264
32.1162
29.39258
25.32568
31.6163
24.6711
28.76287
27.93635
30.17718
30.90633
33.33939
26.51177
29.74184
30.9046
28.99715
26.31559
28.72571
32.4775
30.6823
29.26865
31.96692
34.63403
33.66689
32.39276
29.86021
31.15525
28.03907
33.25167
31.07642
28.93193
29.59151
28.9739
32.5851
28.83717
28.74412
30.57492
35.58008
29.23353
33.18697
31.81543
34.01838
32.53016
29.32287
31.83031
31.78894
32.05994
33.76153
31.79181
27.38379
30.1644
32.77212
29.41591
32.71492
35.13279
27.05626
26.48679
33.64814
34.29707
24.86058
31.3302
31.5319
28.94682
30.39797
28.0551
31.56822
26.05865
27.25844
31.72608
25.38326
33.09603
35.59871
30.54499
33.51889
31.357
27.11361
21.06526
28.81945
31.67689
28.24851
29.03234
29.56259
33.36309
33.53394
31.30197
32.33862
32.58691
28.35108
29.60034
29.6436
36.18036
29.56383
26.16292
33.5871
24.48584
30.23591
27.22337
33.59769
25.89154
30.78644
29.95359
28.07943
23.73305
30.63763
24.20961
31.89528
31.92042
29.08368
33.62727
31.64927
27.69062
32.73073
29.71235
29.20173
34.66928
32.62708
30.45221
30.21846
33.90158
26.78181
30.70153
33.62366
34.54881
32.39746
28.7337
33.49233
28.28651
35.2879
29.57983
28.14283
29.86676
28.90467
34.93482
24.36363
32.22458
33.55642
33.25911
32.85317
28.32273
30.29043
34.5997
31.57255
32.23934
33.81838
30.59907
35.03716
30.79164
31.75613
25.68132
29.91788
32.29177
29.49441
31.15381
24.48892
31.54916
30.92161
31.75099
27.38045
31.79252
29.49727
26.89677
29.88972
31.53086
34.43304
31.33501
29.94043
32.79403
24.63066
28.41159
31.06549
24.18642
26.95261
32.56734
30.54407
32.8372
33.23915
31.08103
32.19063
32.22568
31.43383
34.7746
30.32407
27.4514
22.96219
27.70146
28.28288
30.46829
29.29494
31.9997
26.73525
31.18922
32.5238
29.90063
34.02182
27.99463
29.9434
31.69123
28.46661
26.40536
32.56613
27.59711
26.28402
29.71769
26.51019
33.00758
31.72836
31.25285
31.82467
32.61168
33.35147
31.19896
28.31816
28.08258
29.66428
31.90436
33.43704
25.02162
28.75785
29.47068
30.75443
36.43867
28.2207
29.87315
32.68296
30.32982
28.47035
34.3742
30.65389
27.43051
33.65206
35.46626
34.01952
31.95257
29.63505
30.75161
31.88735
33.84509
28.19077
28.18495
31.83567
31.16384
32.01476
30.3097
26.3339
31.82538
29.55234
32.5498
27.18685
29.67441
31.80014
31.8531
25.66453
30.09252
25.25029
28.7261
30.21063
32.43514
27.48773
31.17063
30.54695
30.95165
32.6403
30.3654
29.92885
30.75482
30.03139
33.9561
26.81766
33.38134
30.31373
31.07113
27.72715
32.37917
31.19824
35.5952
30.73583
31.44169
20.67698
32.16357
32.06928
29.70357
31.6393
29.37161
28.45607
28.17518
32.80016
25.11869
29.46137
34.48664
31.75558
30.21623
29.61
24.93817
32.39188
31.56063
30.76931
28.4515
32.46977
25.87043
26.77101
30.40393
28.99262
29.51677
32.24538
31.2465
27.73302
29.35828
33.1072
31.81283
27.8831
26.55294
33.4291
29.93985
30.24051
26.36695
28.22273
31.81678
30.10642
27.81709
33.6552
26.8259
29.01689
31.70172
28.75316
29.6083
32.29501
24.76425
34.08078
31.32526
30.56123
28.57565
28.91313
26.17246
28.68749
31.47294
27.05248
28.36552
34.49383
23.85763
31.27355
24.601
32.59976
26.83033
28.02948
32.21848
24.06992
24.05643
31.70053
27.08963
30.49408
30.11201
30.81155
25.16148
28.30633
31.25274
33.27292
33.36488
32.32706
35.6722
34.04511
33.74493
33.52814
33.6938
27.70431
25.17251
31.38302
29.74417
30.74258
29.81293
29.93858
29.56992
31.79327
27.20917
30.50983
29.96939
28.76794
26.5595
31.21783
29.20907
29.82658
32.11192
32.75143
35.57699
33.59284
29.18862
32.95141
34.68422
33.56512
29.07567
30.55791
31.56404
29.12094
31.42822
29.53091
29.59957
29.28954
30.88949
34.07676
24.97818
27.24603
34.35417
28.98305
26.09555
34.40568
34.36621
32.39957
31.12117
33.63198
28.70874
29.45962
31.7677
34.9572
35.9639
35.87385
32.41424
30.39134
35.83242
28.9499
29.55934
31.06367
30.70885
32.28519
26.15877
25.32919
32.98106
23.81009
34.40296
29.59525
31.2599
32.41479
26.37629
26.5101
31.10854
34.149
32.63919
34.90024
31.44262
30.642
30.03831
34.55606
28.72671
31.38776
29.14887
28.80279
31.30603
28.70652
26.14953
25.36666
20.26859
30.79139
32.68122
32.38618
31.25214
31.03503
29.54121
30.78564
29.1743
33.43972
29.14915
31.61477
32.34013
27.68192
34.61135
30.8024
27.58073
26.49502
31.57504
30.55143
28.69161
33.1157
30.54763
30.63138
24.24907
23.56063
31.55613
25.52988
27.16445
30.49402
29.18301
23.75003
28.48014
32.08081
29.81595
34.34713
29.59368
28.13981
26.02137
33.43285
34.83095
31.39933
30.92961
28.71612
33.22018
33.45522
32.01992
27.9882
25.23388
30.60728
28.97748
32.07795
33.78148
24.48143
32.08033
30.52801
30.72877
26.40713
33.57519
35.04909
27.44517
33.01001
28.69388
32.23764
28.48835
27.51239
30.8584
30.85579
30.1567
34.92892
30.97638
28.13381
32.59816
30.96495
27.77267
32.59158
29.27304
28.64653
33.59874
31.95538
25.1767
27.21922
31.41751
32.01675
27.24598
26.74558
28.84922
27.31815
28.39062
28.07644
32.07785
31.89968
31.59958
32.76678
33.06203
30.99889
31.04885
21.24707
32.14161
31.17613
31.86261
32.66733
28.18869
28.38996
28.8492
31.84949
31.02066
28.73601
33.23232
30.92323
29.65473
28.38973
27.99904
28.94702
32.48268
30.56986
33.22136
27.24448
28.92
24.36168
25.4779
28.00148
32.36053
34.06141
33.67813
33.29795
27.75457
31.92822
35.24648
32.02264
33.94962
33.79988
28.99703
31.01646
24.72111
31.34507
29.20694
28.47431
30.45474
27.5398
29.75418
33.48877
33.18095
35.46891
26.63412
31.2999
29.75835
30.06363
28.68844
31.65574
27.04546
34.56059
31.95434
32.43118
30.55345
29.31461
29.89664
30.66616
32.38249
23.38818
25.36563
30.69481
30.32664
24.43623
29.05998
34.96127
34.14908
28.5605
26.33559
31.90405
29.98382
32.07977
29.50117
31.5687
29.69626
32.47161
34.95995
32.00275
33.16416
27.88191
30.65986
23.79542
28.67877
32.52325
31.33567
26.53501
24.6802
28.16638
25.56199
28.89435
30.96194
25.71731
31.57848
27.63005
29.4885
29.50611
30.66407
28.79242
27.03057
32.26226
34.92967
32.49417
32.69432
33.19402
34.25387
34.24817
29.06584
28.45237
30.77709
28.71367
31.4844
30.76862
34.62315
33.43197
29.27499
30.30169
30.89202
30.11894
32.19836
30.97293
31.00112
27.98318
29.10068
32.80852
34.23464
30.91151
29.63844
28.37203
28.36334
34.17762
29.6519
31.28827
29.88178
29.68258
34.02917
30.22155
33.25949
35.0023
36.30778
32.43074
28.96008
35.24369
29.29809
34.66522
28.68299
29.54756
27.89636
31.48999
33.23943
33.82204
32.55526
27.33718
32.00965
33.65205
30.48944
32.48001
28.90937
35.36485
29.80273
32.85297
29.73805
32.1027
28.4992
29.28582
30.6605
29.44024
32.24333
24.76086
27.65229
27.4372
32.21264
28.11603
26.3231
28.14616
26.14985
33.53101
30.76077
27.86982
28.85528
33.41789
27.30425
32.10783
27.56745
24.94646
29.42116
28.70048
26.75694
25.28381
33.69308
30.77394
24.58009
30.68381
32.80773
33.29338
28.75527
24.46438
32.35657
29.68973
29.97606
28.97193
36.04377
27.14265
33.456
20.56834
32.14272
23.81898
35.41863
30.92061
33.82267
30.53099
34.03634
27.77387
34.25779
29.37722
27.33112
34.49677
32.1905
31.95285
33.64225
33.13311
27.59703
31.88733
30.25269
31.2773
33.3087
32.1964
30.72231
34.0498
25.85281
31.13571
29.39176
29.78524
28.03319
29.16986
31.62796
28.74412
29.28547
26.30355
31.86536
33.77424
25.35959
34.68557
28.62369
30.37176
28.66367
29.05271
29.27964
31.61462
34.25923
29.82136
32.9684
34.83789
27.62886
27.24739
26.75532
31.82171
30.77779
27.83689
31.6962
27.92856
31.04436
32.55893
32.67584
32.0646
25.02013
34.87787
25.69966
29.43775
19.88669
30.94528
30.59743
