25.76318
33.88371
29.54631
35.02555
24.08232
31.09595
32.04047
22.79592
31.24816
24.29763
30.14249
30.21002
33.17046
30.59738
32.79862
26.06544
29.96681
32.71022
30.27356
27.34622
27.68856
27.08333
30.47656
26.96055
27.49998
29.64197
31.05628
30.98289
34.13043
33.15936
28.91166
33.72465
31.06275
33.79597
29.66493
35.07167
30.61757
24.72452
26.30619
32.09974
32.00312
32.99886
29.10633
33.15727
33.19765
35.12701
26.93191
30.09184
24.99879
32.49819
26.41578
30.21218
28.94809
26.05959
31.3356
31.61079
33.62792
33.97343
26.87332
25.28564
26.34494
23.09155
28.29474
30.59732
32.90828
25.57879
29.86255
31.462
28.05629
29.58488
25.42937
27.11133
31.409
29.56623
29.10712
28.75437
30.60696
32.15111
33.44878
28.48409
35.31877
32.61753
31.63495
32.26436
35.07189
28.6174
28.00562
28.57703
32.18307
29.47047
30.21004
25.90013
33.05676
25.56028
27.68714
29.36375
24.84074
32.39687
28.32763
30.51187
28.70363
32.2095
28.9183
30.13434
30.18133
34.99635
30.74112
31.72985
30.75705
27.65075
26.63909
29.28749
31.70766
27.32859
30.68865
32.22695
32.47507
28.01782
33.58401
25.96626
34.58045
27.00221
33.07893
34.65102
26.67446
33.90751
34.55071
27.27505
25.51878
24.32485
33.14736
29.73718
27.18596
28.80072
27.32021
26.70116
32.6112
32.84047
31.63346
27.72661
33.54519
32.02923
31.98155
28.85953
27.65186
32.4974
27.4502
31.49786
28.71205
33.40981
33.96112
33.43217
25.03302
29.28024
33.51005
30.28896
35.24513
29.39303
24.97127
27.471
32.36336
28.49195
33.95757
31.6482
35.60905
35.3782
31.12418
28.91724
28.08149
33.44661
28.62711
32.43987
29.67049
31.29317
26.20215
30.79975
33.60751
34.62953
28.02745
31.79474
31.18316
30.74034
27.22224
27.36929
30.64844
29.21359
31.75301
29.27499
31.64284
32.05769
29.89493
31.00393
30.49752
29.13073
27.33045
33.21632
33.20728
29.31962
32.82141
31.58631
26.99992
28.99411
31.4288
24.58981
29.73383
27.86849
29.06028
25.43555
26.88607
28.85718
31.14367
35.04007
31.29602
28.91458
29.25777
29.63967
33.53867
25.45811
27.78653
31.51808
33.07329
27.09251
29.67035
31.68226
29.31809
27.07503
26.25902
29.50525
32.46279
32.60656
33.48053
31.96758
20.96471
33.74545
29.97803
28.18845
30.54877
29.60087
29.39191
34.2943
29.07089
33.17584
30.53347
34.17396
35.10153
35.20256
32.58693
26.45211
30.96263
28.58681
29.0844
28.8914
30.45226
34.99245
28.40484
34.98983
31.42304
30.79356
30.63715
29.64784
32.69691
32.41187
31.83294
30.88691
32.4266
30.34062
26.9553
27.15829
31.0583
31.44847
33.18268
33.18662
28.07983
33.85802
25.17594
31.67466
29.62552
33.31811
28.90127
32.21327
29.54167
28.60962
28.6022
27.78689
27.35736
34.04348
23.80675
32.01277
27.0945
28.20533
28.1084
29.25318
33.74219
28.08114
25.43357
31.72992
28.38413
34.33088
31.93697
25.79006
33.65858
34.10886
32.13963
30.54473
31.99098
29.78291
33.67644
32.9831
24.52365
33.59886
26.63057
29.57749
27.29393
29.18556
25.44593
29.42711
30.0911
28.67467
31.56132
30.80644
30.12479
34.36378
30.93102
29.66913
31.05856
33.4418
31.42337
33.79026
33.41779
35.19722
24.05349
27.05429
30.87469
24.72944
28.14935
29.7827
32.94192
32.65587
28.7772
26.22764
32.20718
33.7688
26.07657
31.12962
32.53686
33.11159
34.9493
30.09734
34.17469
30.51371
25.59583
32.38923
35.78012
34.86077
32.30876
29.02969
30.68366
30.45342
28.98879
33.65244
29.57584
25.83636
35.48277
31.25455
27.21087
33.06021
33.50687
33.83941
29.54221
31.04479
28.01262
32.79534
26.0269
35.85447
29.72986
27.42553
29.22912
30.61372
28.62182
34.76178
23.41268
29.81627
22.92333
33.11971
30.27688
30.09886
24.18237
32.79174
25.84814
33.84926
29.20352
30.175
27.33533
28.59824
28.33011
33.78552
32.30301
32.82698
23.43383
35.30743
30.57969
34.50601
34.51709
27.96467
27.29741
33.14417
28.42998
33.94154
34.08054
27.79476
32.30913
32.72649
26.41281
29.15088
32.80219
31.02761
30.07521
31.35351
26.65977
29.91074
31.59925
33.98375
32.44442
33.75815
33.30703
30.24171
28.71538
29.67165
34.60613
29.55178
31.05045
31.60654
23.27962
32.3073
35.65913
30.8366
29.61543
32.86531
31.64033
33.40384
33.37447
29.45539
32.6401
34.09402
27.33549
33.83254
35.02961
25.37731
32.85138
28.6254
33.2458
32.66955
34.15238
32.46664
30.05529
26.59933
34.2778
32.71421
27.05966
31.00616
30.54867
23.19657
29.72175
34.13409
29.47244
33.21011
33.34696
28.35374
32.7248
27.29936
31.55274
31.84762
29.36756
35.04593
31.18382
31.64206
26.87437
33.63482
26.26453
28.65923
27.27519
31.40572
30.18178
34.27319
33.42072
26.52699
30.53405
27.62046
28.79271
32.47342
31.81968
30.79566
29.80075
33.62598
33.05484
32.45953
29.72141
29.11419
35.1561
29.43528
28.89364
27.10768
23.9296
32.73643
29.13269
31.11507
25.57443
31.42738
35.19691
25.05864
32.642
31.78822
34.70446
26.87033
31.88745
33.68068
26.91631
31.2625
25.92678
31.05015
32.3364
29.86029
32.17266
28.5978
30.13603
28.61443
33.72538
30.19228
30.9264
27.64191
34.56923
34.69685
28.75621
30.92973
31.22379
30.55802
32.57918
26.09217
29.89246
30.51854
29.22898
30.80166
29.8636
27.53518
33.42774
29.81012
29.6717
30.67249
34.64699
35.0673
30.69432
21.3949
31.56496
34.05161
33.24669
31.32349
31.51589
30.03868
33.11917
29.46077
31.12015
34.00886
31.86894
27.91388
31.82863
31.8762
24.91179
29.55181
25.29418
29.63421
35.66536
24.69064
30.69832
30.31455
28.60087
33.46248
23.94534
31.05788
26.53986
28.77352
31.32967
32.20902
30.48814
28.94985
30.03859
29.86352
24.89032
30.05994
29.40136
32.68161
31.98699
33.90935
32.87626
25.28684
33.41684
32.98183
24.4028
32.83568
33.76488
31.37986
30.62183
32.25622
29.56042
27.40882
25.87997
27.45193
29.66536
34.29987
32.34953
30.86357
25.80015
33.66847
29.1923
29.62894
31.28559
27.44786
29.90776
29.57781
31.97124
32.4625
31.58866
29.84964
26.98791
29.41094
34.00085
32.26404
30.89524
23.95847
29.7404
28.4591
33.32182
29.79674
31.32956
34.25627
28.09183
30.73248
25.92186
33.8906
27.85676
32.00181
28.89348
30.34327
29.67514
28.64629
30.11918
35.08243
23.787
25.11392
30.83172
29.60863
33.17003
30.95101
28.73296
31.87903
23.61244
33.31118
28.36736
33.28617
30.46315
29.82648
26.53167
34.93854
31.70271
35.03178
23.11768
28.51401
28.46829
26.25618
29.4509
31.43069
30.92066
31.20936
31.85138
25.35419
31.33086
31.12028
33.91015
28.74473
28.75708
33.23748
30.52876
31.17586
27.81799
31.48215
30.69307
30.06797
27.00629
28.25005
29.59214
31.7415
28.69192
33.27726
35.02574
32.76553
30.20831
25.33556
28.16331
32.14904
32.21238
32.82498
30.99796
33.87462
24.17675
31.26037
23.7492
34.15901
31.64261
27.45255
28.23791
31.07132
30.53625
31.86056
29.99066
29.2706
35.3124
31.3378
23.63431
28.01614
25.86727
32.56834
31.78355
28.29064
32.03184
31.84764
34.80507
24.34145
29.15242
28.28222
27.33664
31.23879
30.42033
32.19499
33.19788
34.25058
34.34358
33.44024
29.1993
28.45917
30.85682
27.97466
25.58453
26.97054
29.60205
31.47234
33.12547
33.16898
30.89967
33.42198
33.59047
29.92941
32.64723
32.58282
27.55359
29.50023
35.21846
32.26048
31.63776
25.85165
31.36019
31.92584
28.91294
25.89839
32.67024
32.42189
32.88537
26.45949
30.2651
33.10289
27.20255
33.14991
34.08307
28.03599
28.24185
27.405
26.43114
31.60467
31.88845
29.19904
33.147
33.88659
28.51662
29.39775
29.77588
29.01333
30.90767
35.42559
27.90189
32.34015
28.60759
28.22108
30.72368
31.7383
30.24572
25.83354
28.77636
30.26141
33.28332
25.90967
30.35554
27.4038
24.98246
29.53232
31.17355
31.15503
32.79164
25.85175
26.16301
26.08298
31.06499
31.58206
29.04686
29.09376
34.46663
30.43475
27.80023
30.60616
25.58022
31.52555
33.45083
32.69696
29.65583
24.22578
29.1815
28.62818
34.5113
33.93683
29.95689
30.09215
24.91632
27.42225
30.65954
28.84786
31.4665
31.05899
30.79474
33.09649
28.80276
26.83849
34.2865
27.98218
34.30279
32.13074
29.67283
31.65549
24.81586
31.33221
23.18187
31.62556
26.13552
31.17919
30.62234
32.09994
30.33225
28.92866
28.68105
30.84848
33.36991
29.00695
30.85888
35.39401
28.54448
24.80786
34.67645
27.40264
29.48732
30.22186
32.31651
29.44939
34.65078
27.08266
29.61362
31.45122
33.29757
31.16671
22.66384
29.09657
31.53211
29.16836
30.41738
33.32504
28.67033
29.59981
31.85332
29.75996
34.75616
31.78512
27.86346
32.82205
31.11108
30.85959
31.73495
33.33897
30.84114
28.89604
35.18556
30.3024
31.70885
35.06499
27.26015
28.6644
32.2845
26.28826
29.58927
35.18388
35.18546
32.00788
31.97019
26.5393
33.4304
32.25337
28.18968
34.37098
31.93158
28.68724
31.54072
23.55791
35.35504
35.29955
33.35403
34.80393
32.81512
30.79795
23.44017
27.21541
24.83024
29.59623
29.3953
34.13045
30.30994
34.39906
30.99935
30.21088
30.44991
32.81176
32.70208
34.98608
29.70879
29.18819
29.12556
28.85812
29.72701
29.94485
34.23452
29.1937
23.70091
30.91459
28.84268
35.28433
27.61888
28.73968
30.09498
33.22992
32.28265
33.96319
31.30135
28.83791
29.19805
31.77086
30.89034
34.52645
34.2945
30.09234
30.77228
27.96047
28.61232
33.6519
34.96171
31.47199
31.64118
31.13896
27.97117
35.26856
28.61649
33.3935
30.73083
27.82767
25.79152
28.7109
28.39088
25.67022
27.62787
25.82469
29.26297
27.19482
31.31895
30.65504
29.29788
32.90738
28.30369
25.32129
33.66087
35.34246
26.64189
30.29676
31.93611
31.56903
29.31535
29.30932
30.98774
31.33919
32.98197
33.52012
28.88904
29.73007
27.6137
25.19683
28.29174
31.4718
32.53387
34.83662
31.83479
25.69232
24.47587
34.24768
24.75676
30.04982
32.03863
24.98048
24.56438
28.69454
26.41262
24.57726
26.83494
25.36117
31.85595
27.34404
29.15755
32.80414
28.69583
27.33819
31.62764
32.00804
26.3814
26.69915
32.96452
35.06996
33.85499
29.3586
25.96816
27.9342
30.33585
30.09238
24.11251
26.12958
32.1164
31.9406
31.40799
33.06846
27.50296
31.41108
27.64537
33.59381
30.58288
28.928
29.68794
23.49754
24.30194
32.52198
34.998
31.54535
30.39361
30.3103
28.92255
30.68358
30.9882
27.47822
29.9842
26.18569
28.10362
24.15521
27.89106
29.17993
29.82698
33.21673
30.31932
31.38652
34.16947
29.55984
25.44195
28.05937
35.1665
29.69414
29.78851
29.84449
30.58509
29.3819
26.57104
34.78918
25.66864
32.13936
31.65964
28.99667
32.19201
34.52156
31.79401
29.53985
29.11076
31.14132
33.83472
27.91406
30.76443
30.88633
29.99945
32.32474
25.64265
27.88591
32.74344
34.88228
31.82459
34.33627
33.33775
24.32663
26.7174
30.52588
30.63299
21.65043
29.84397
30.30028
31.02263
35.41998
28.7207
30.76986
23.54776
25.62215
25.65295
35.1028
35.41121
35.03652
33.94643
26.30476
25.9445
28.64149
30.26464
30.13504
29.97799
29.4079
29.70038
29.37156
31.4225
30.9512
26.59881
27.41776
26.43369
27.94628
24.29381
32.43203
29.33692
35.07509
34.80324
31.59024
32.64196
30.72258
26.81583
23.48052
29.8532
35.07692
21.53817
34.63199
28.01652
29.44888
28.9466
29.8035
29.05412
31.88176
35.20957
27.77094
29.50644
27.18998
32.39407
28.30963
31.52251
34.13147
33.44079
29.49845
30.27171
32.01993
28.72648
30.70758
32.89255
30.13874
29.00706
25.87646
33.35173
24.35913
28.79406
29.89515
31.42678
34.67249
27.80877
34.43584
29.22193
28.98279
34.01022
28.1602
34.09736
30.80373
24.59521
30.4679
31.90654
29.0106
32.86744
29.66172
29.38679
28.4736
29.2778
30.10843
29.25161
28.23505
27.59136
26.22471
24.63958
30.55626
32.02184
31.97455
32.85882
30.15168
28.68184
26.05433
29.26491
32.02614
28.96872
31.52641
33.08071
30.29467
25.42159
32.33804
28.97263
32.85702
30.46287
29.23185
32.02944
27.15683
23.85925
34.28392
32.0279
33.45887
32.7085
28.63501
29.05466
29.41999
34.35674
30.95015
25.59964
30.69544
26.44961
30.01653
29.9121
29.52611
34.43782
28.77956
31.05097
24.18038
30.48008
30.29233
28.68188
28.29115
29.26708
24.02104
31.32862
28.35084
32.87557
32.68832
27.30887
33.68894
23.73746
29.79076
32.2909
31.38948
29.01007
24.05043
32.15559
28.34009
33.76712
29.42844
33.24139
28.13362
29.98402
29.72832
30.66721
31.23561
24.72086
33.43592
31.73077
27.46896
29.59208
27.60572
33.50482
29.39598
28.3315
31.81913
34.67433
30.85152
25.32047
28.34115
27.92155
32.87945
33.54791
32.27376
32.87187
34.09167
29.03574
34.35336
34.92134
33.22045
27.73771
25.37456
31.24255
30.31655
34.67041
31.96463
26.05436
25.62023
31.4876
29.77275
29.36041
29.36382
31.13332
30.70782
31.90018
31.0722
33.06625
31.80479
31.68663
31.09809
28.87111
30.07455
34.31715
30.71745
28.15428
29.40188
30.42797
28.08316
33.80571
30.6914
29.71394
31.80388
33.77027
32.1228
31.30798
29.08886
29.52906
30.70452
28.04796
31.69444
30.85415
33.24084
30.45158
31.58736
27.18371
28.70282
32.44296
32.52348
30.99652
31.52418
27.73924
32.85398
33.31295
27.28433
29.74143
33.41006
25.23596
27.23639
27.0413
28.46883
28.54617
30.4262
33.43871
29.33792
33.82805
28.80286
31.32442
30.27088
30.83989
30.53668
31.75516
33.7708
32.91488
28.78826
28.38392
28.97033
23.71677
31.17808
33.67836
30.13078
24.10461
31.57116
28.64834
29.24333
28.07016
28.34383
35.30403
32.05361
34.21101
28.96566
27.03929
34.38564
31.27239
28.75962
30.5375
30.35039
32.53458
28.08981
29.0583
25.9957
31.49331
29.59131
26.29936
23.69561
23.90271
34.24684
34.43255
28.3228
31.57033
27.36702
28.94835
30.38818
27.95126
29.11575
31.66925
35.26753
31.00734
24.6883
28.2303
26.41352
27.13496
30.28568
29.21689
30.05241
29.06427
30.78651
34.71026
33.5058
27.72497
33.31998
32.18491
35.17148
33.86323
30.36368
28.08219
32.26971
27.86302
24.94098
27.08663
30.92807
30.74853
27.56105
26.96328
30.15992
33.39963
26.83339
35.26129
27.86805
34.86595
25.65769
30.07276
32.79661
29.39335
26.51744
31.70243
28.53776
28.64358
27.33933
27.00989
24.51814
28.84726
29.46934
30.06101
30.37646
30.99916
30.96971
28.67048
30.56656
31.64797
30.73912
34.47744
33.68803
29.38289
26.16376
29.06355
27.78811
31.02105
31.74833
27.22585
29.56224
29.63341
27.23856
32.31904
30.32208
31.79067
28.26711
31.25145
30.24505
32.34623
28.46077
28.72515
31.22987
32.78385
27.029
31.51023
28.48328
33.92514
34.0016
27.59611
27.43268
31.36404
29.7661
26.97439
30.50988
29.25803
32.35028
27.03631
25.05049
27.55288
28.70611
33.09633
30.70686
29.7658
27.68757
26.80819
27.19692
31.50915
31.74494
31.06785
27.65327
28.70453
28.67418
33.30258
25.29033
29.43943
33.81917
30.86037
31.37833
28.50921
32.53598
33.53326
29.83148
29.57638
34.29614
27.31283
28.38925
27.05818
30.56833
30.1747
24.77761
30.78943
29.43115
26.7823
31.39215
26.93448
28.87742
29.70012
29.04449
28.69593
30.34237
28.54539
30.14661
34.55608
33.4801
30.50322
34.47669
33.05342
29.19004
31.38453
31.39927
35.15991
27.3116
31.53373
30.90997
30.75402
31.53985
27.13262
32.9197
25.99195
32.40202
24.26781
33.3132
31.03145
25.58772
31.56322
29.98897
32.939
31.27065
33.24297
26.72413
27.34212
29.40154
32.23595
28.80434
32.53968
29.46196
28.56276
24.14523
26.78354
31.38852
25.1882
26.60041
34.79415
28.69619
25.78503
33.90808
30.85994
28.26199
29.80739
28.11453
30.56001
28.34352
29.39318
27.55104
25.08647
28.3815
30.49927
34.71376
29.40128
30.78702
27.15548
28.15974
29.84829
27.18317
32.79592
27.06878
23.32925
33.72899
28.6084
31.69171
33.92082
25.04101
30.80449
24.5435
25.41297
30.47236
29.28691
29.71399
31.92334
28.16892
31.95454
30.71051
29.04847
31.244
27.9315
23.87614
31.16917
30.53812
27.50576
35.03785
32.10225
34.02957
28.15723
32.70357
27.83549
28.61848
27.02807
33.16187
29.02366
27.27919
29.89707
27.55334
28.82968
35.30626
30.45499
30.95435
26.97601
24.82957
29.49904
28.02966
33.91426
27.7248
33.42387
30.74589
30.83255
32.8442
30.4897
29.15025
30.67783
24.53431
27.89232
27.4451
33.95625
33.30008
29.7057
28.08045
31.08881
31.9569
29.07716
31.7717
31.40074
34.26417
31.3675
32.30601
35.03758
30.39544
31.1875
25.3566
27.30544
25.92394
29.28416
28.16761
33.66925
32.26066
33.18331
29.63232
32.3732
27.87765
31.66795
28.28614
27.05853
27.34971
29.8735
29.63343
34.2639
30.06347
31.77713
31.78781
32.12475
31.9377
31.52494
31.75544
28.84686
33.5222
30.418
27.91641
29.94475
28.38496
32.16857
30.58294
27.22689
23.99335
33.08294
25.416
27.72606
28.41556
30.11769
30.90766
26.16554
33.05033
31.32902
23.33661
28.55631
32.68242
27.58871
32.26794
22.04797
30.18312
30.20358
30.99901
29.41304
28.8214
31.38199
32.2942
34.96571
29.58918
22.96265
32.91021
32.16415
25.48357
32.46723
29.52195
32.76361
30.894
31.76856
34.27337
30.04685
33.66451
30.12684
30.90874
33.42216
33.8839
33.87777
24.74678
25.30363
29.88687
31.88718
33.82976
28.46087
25.72227
29.19513
32.15081
29.83032
30.108
25.31217
27.59758
28.67878
30.081
28.09403
34.50353
34.63255
29.87414
32.61984
32.82285
27.76326
31.84702
33.25734
32.58562
28.55097
29.00791
27.48428
32.63359
31.51819
31.63239
32.56231
33.25808
24.55859
25.46738
32.61665
33.61415
27.92775
32.73677
25.99791
32.88977
26.14508
32.27825
30.34535
33.24175
24.78575
27.55314
30.4947
31.4489
32.13031
33.37208
28.839
34.00553
33.0496
31.89853
30.73815
26.80854
33.05387
29.54065
33.25555
28.95138
32.52307
24.46053
32.94586
29.77013
29.25885
32.72525
30.486
33.73584
25.64981
27.37238
30.00899
24.34082
31.89043
26.59834
25.86286
26.98633
31.84145
35.02271
28.9922
32.42938
25.87511
24.78588
32.77133
29.59077
28.56481
34.50315
30.47757
27.64363
30.7634
30.78949
23.95757
32.076
29.11057
26.11164
25.04865
29.22237
30.90718
26.08955
29.83808
32.88846
29.28721
30.28806
29.51915
29.66341
31.93008
29.09037
28.89298
28.37759
31.33768
31.82968
29.17468
33.17399
31.81753
32.33971
29.5381
30.3857
30.26262
32.98427
28.76234
32.76198
30.0156
30.47579
23.73895
30.42056
27.50604
29.30702
23.99404
30.17403
27.49638
27.84295
34.00762
34.08001
30.806
28.30702
31.69715
35.12549
32.02772
29.57493
28.59933
35.44985
31.3076
30.04229
32.05693
27.9274
29.27647
26.85421
27.51529
34.11031
31.24861
30.0204
34.10375
30.20112
31.73523
28.73363
26.20545
24.77522
35.20564
30.49218
29.50067
28.51667
27.84218
31.66197
32.18714
29.89037
30.11381
26.61766
31.21164
25.86817
29.56439
28.02911
32.0601
32.95096
28.15237
25.80139
29.02694
29.58307
25.53183
28.04642
29.45932
31.31472
30.68972
31.72278
34.69431
31.12058
30.19709
25.99065
32.63733
24.7194
23.38249
25.69615
31.26702
32.1294
33.82971
31.62869
28.52092
33.97683
31.60265
28.64333
28.83979
30.08505
30.68957
32.63981
31.32303
31.32704
34.03026
31.16964
25.68041
29.50109
30.39347
28.30149
29.55002
29.25579
29.48985
31.7982
32.64584
29.66563
30.28288
25.18069
30.10744
30.29006
29.85698
31.64638
28.65509
29.80714
26.97488
27.32212
30.36746
29.16924
25.80173
30.51261
28.12075
34.48512
33.26849
30.32448
34.22615
29.89595
28.11724
30.2778
30.36359
27.03666
30.44285
29.42613
30.00603
30.69706
31.7675
33.05259
25.19494
27.98067
29.36176
30.20026
28.28936
30.82218
30.12996
31.71079
23.77416
32.28621
31.10796
32.60756
31.60221
30.58645
32.69474
32.76747
31.46406
32.7741
24.66934
30.168
25.78295
31.93341
26.24889
29.42627
28.90017
32.92168
31.07644
29.47463
34.57026
30.56429
28.20988
31.26165
33.9474
29.71419
31.69878
29.93586
34.52792
29.85881
35.98109
22.09903
31.20832
29.56931
32.65803
28.0637
27.74859
32.724
31.31798
25.33212
32.10666
27.89376
31.928
30.94608
27.02886
32.19519
27.97769
30.78382
29.06239
29.19253
33.78976
30.82039
27.80969
28.27489
25.61859
24.2221
31.84988
31.56137
32.81692
29.36852
28.83897
26.6569
30.98584
26.02635
32.98109
36.09623
27.40778
34.25651
28.92886
29.51815
33.9638
34.85778
26.10979
32.1232
29.38397
30.20036
25.38599
24.791
33.63283
31.64304
32.2978
32.12951
28.98984
27.81601
27.67281
30.65324
26.27516
27.24072
31.95571
31.59419
24.07053
32.93878
29.46303
28.80102
29.14565
32.87179
33.65269
35.61841
31.88851
31.87281
28.8491
22.04468
32.65072
30.12887
31.00776
22.11747
30.02762
25.27084
30.25813
27.14701
29.77588
29.15559
27.94931
28.02338
31.99442
26.24332
34.27749
30.24997
30.30215
28.43469
27.97448
31.63936
32.17294
32.47001
33.05039
33.14449
33.4157
31.56473
30.94871
30.616
29.95012
31.68128
28.59626
28.5703
29.11086
32.71689
31.85264
29.8339
32.02484
32.93001
30.37254
32.74684
27.48559
33.12621
30.35862
29.12609
28.84356
31.01835
35.00259
32.87007
35.24149
32.81668
29.40401
30.49812
33.53493
32.0085
30.80993
30.35411
27.20239
27.65386
35.71271
31.258
29.33083
32.12843
28.58552
33.55668
28.41194
31.72155
33.31451
31.90034
30.61178
32.62006
28.74895
29.25673
33.20023
30.99025
34.38552
32.60676
33.5113
30.1261
34.26194
34.7315
31.10072
30.59826
24.56009
25.82184
30.23653
27.49396
29.17118
29.04934
31.09374
32.12089
27.16651
31.43164
30.8253
30.74621
33.40727
33.85529
34.03653
26.79028
28.92928
28.23114
31.06049
32.24189
34.48432
29.5906
31.98835
32.76766
28.26733
31.29992
31.28852
27.63456
28.90561
29.62871
27.41406
28.00062
34.33179
29.13694
28.52093
28.36293
30.63234
31.76184
31.55323
29.71095
30.09892
30.72716
31.87329
25.91178
31.02638
27.30755
31.06208
32.58105
29.11834
27.45846
31.70332
31.91242
29.55308
33.33852
30.54781
32.78489
30.54791
33.39096
26.10891
32.186
34.04368
26.94899
28.83748
32.75577
32.99049
34.0769
31.81836
31.42089
29.593
30.67275
31.94209
32.63847
35.23485
32.40515
30.99221
31.64616
25.09322
30.71376
32.06343
29.28712
31.34936
27.99991
31.34097
26.32703
28.35486
28.95597
30.22022
27.69703
33.63866
31.50734
31.87416
35.36744
26.67055
24.83432
29.86839
30.65512
31.501
32.61661
26.06074
29.14264
27.81087
35.87671
34.57065
31.62603
27.6135
28.96986
31.06724
29.80924
28.37333
30.49031
31.16285
28.71568
31.38738
27.69459
25.05744
32.25401
31.59926
31.55922
26.64115
35.489
31.85973
28.26013
33.91047
29.59731
32.97852
34.14157
27.09008
34.93703
36.2013
34.4048
27.50933
30.1885
28.56796
29.82733
30.57324
28.54292
25.81876
30.33102
29.3341
31.94783
29.38372
30.18956
29.35087
28.79479
32.10769
32.01571
35.47046
29.32282
30.39745
26.16891
30.4032
31.31104
23.13033
29.27928
29.49154
32.84361
32.11285
28.56639
33.88184
27.78104
34.20715
28.90195
27.1504
31.28504
28.99186
27.37668
27.07798
32.30929
31.24481
24.72763
31.30901
29.77505
31.20172
24.58629
32.93538
25.9121
34.37934
30.53631
31.80546
25.56382
31.32316
28.29754
27.4498
31.61825
32.68585
29.07314
26.777
32.32608
34.52685
26.85057
26.67905
33.27959
30.25472
33.13479
33.00626
26.63143
26.16513
30.2314
34.13512
28.63169
33.30768
26.63533
27.51612
34.63346
31.09925
29.43432
29.66614
34.49208
27.04466
33.63684
26.52294
31.69093
32.65617
33.89661
29.40625
33.63084
29.02646
31.27625
33.06753
32.30037
32.28202
28.94076
29.71385
31.4883
32.43606
30.95931
28.88386
31.18957
33.24516
22.11696
26.13776
29.23534
28.01729
27.041
29.11033
31.30149
34.19342
31.27948
24.5656
30.0077
28.64609
33.51411
27.65384
30.14216
34.46897
32.47274
30.71849
29.02308
31.33133
31.62556
25.16572
26.29827
33.28826
29.61857
32.2789
28.34977
31.32466
31.49699
31.16969
27.95772
33.56594
27.59672
27.24604
28.23906
30.73779
27.30837
28.7259
29.68353
24.2244
33.01226
29.0657
25.931
30.41849
25.94872
34.7859
32.24888
26.76398
34.57374
23.84568
30.94962
30.1694
33.34197
30.32362
24.65715
31.72594
28.63677
28.65155
25.62839
28.6103
34.45989
34.29606
33.10456
32.99857
30.08993
32.9328
29.78903
32.81595
33.49939
29.36524
34.25797
33.15381
33.14809
33.73239
31.74707
27.46974
28.05166
30.9046
27.27014
29.06937
30.97453
31.91665
29.33906
30.13542
26.23118
33.54586
32.02559
26.56427
34.19967
33.4788
32.66686
31.16997
26.67419
27.08198
27.65236
32.58801
31.13873
30.03165
29.30996
29.08583
30.91934
32.84099
31.13348
29.73695
29.23473
29.62606
30.29127
25.96458
28.1295
30.60062
28.91136
26.65694
28.23307
26.0797
30.8263
26.35829
30.88142
32.19253
30.27396
29.55204
29.64626
34.61669
28.5892
28.17137
28.71553
32.50375
36.16672
30.83554
32.03484
27.87967
27.11627
28.39699
28.60618
33.35555
31.5561
31.02547
33.37504
29.64998
32.44671
27.06335
35.38367
28.78434
33.37428
28.06695
31.24699
29.96578
34.19819
30.30875
28.69261
29.85381
29.95866
34.13189
27.70838
33.6657
30.01997
27.91518
28.42315
32.24375
32.02647
31.10765
33.60378
28.90775
31.01146
31.64682
32.52915
34.10368
27.033
30.33425
34.05567
31.35008
33.71493
32.17344
32.21209
34.4089
31.71665
34.75015
26.00537
30.34446
32.16991
28.987
31.68482
30.8603
25.60649
35.28065
34.25417
25.32591
32.66401
31.94059
27.59035
27.48914
28.48008
27.05888
23.36439
33.82599
33.84249
32.46613
32.38335
29.21731
33.5878
35.68911
32.91345
33.58927
21.15184
28.75077
32.84085
29.94852
27.47423
33.02078
28.9192
32.94893
29.01661
31.42391
32.98656
32.14588
29.88546
33.68619
26.58321
25.49856
28.98578
26.06364
32.12588
32.17954
34.86673
34.0872
34.40978
33.38622
28.11813
31.74346
26.45507
30.37282
33.47665
32.39819
30.63524
31.16397
33.85551
33.71426
32.01593
29.49031
23.87302
29.71275
32.26627
28.31008
28.5857
24.23274
27.44129
33.56012
30.84408
32.17663
28.41549
29.52589
30.97907
29.70663
29.02678
28.89283
29.58985
29.06782
28.68762
33.5718
28.15063
30.50698
28.45413
30.98136
31.95251
35.38998
31.40771
26.71351
27.74909
31.44924
30.06045
32.55624
25.41449
28.24826
29.99297
32.01652
32.64718
33.65328
30.82681
36.01093
28.56587
32.71814
32.00686
27.70743
33.18436
32.251
35.22524
27.39105
32.36161
28.479
35.04679
29.17828
31.27695
30.55688
29.05232
20.86959
29.42316
29.41498
26.03367
31.33989
30.55845
34.1669
26.65795
30.90438
29.31887
26.81431
30.48257
32.00573
32.28184
30.73492
35.29345
28.90208
32.6056
33.02389
33.67044
29.99294
31.88101
28.43165
29.87383
33.15422
30.28419
32.31217
32.84096
30.59836
34.88324
26.51274
32.65227
30.77224
32.9683
33.41697
28.18448
31.41232
27.92372
29.0767
30.51097
26.33988
29.57897
31.72267
30.15792
32.92925
31.08524
32.57873
28.02921
33.26473
27.18512
27.33609
31.99117
35.30173
33.72212
25.9618
25.18211
27.79163
33.71283
23.4577
31.8108
25.57888
27.72348
25.06185
29.73589
21.09939
26.22526
31.08658
25.08929
30.81474
25.74504
30.06185
30.64353
33.43996
33.94262
30.47295
27.3893
24.79668
31.52828
27.71796
34.95938
33.74443
30.47273
29.32757
31.64735
31.37774
32.87343
31.4697
28.85191
32.81804
32.49114
30.78577
31.55303
29.55533
30.6746
29.52921
29.53842
32.85393
33.49178
30.03373
32.47216
30.27237
30.38451
29.16895
28.61653
28.39444
27.94414
30.67688
24.28686
32.14035
27.51936
30.87739
26.36114
23.8221
28.74539
31.36225
31.29197
31.72968
28.79377
29.02463
33.50977
32.41678
32.88518
24.4841
31.85873
28.89121
34.41265
34.41708
30.05413
32.46324
32.58696
29.98501
28.3852
30.24264
30.73875
33.16684
32.48002
32.36472
32.0312
34.84373
29.86673
31.13183
28.56401
32.71246
27.45412
24.7958
25.49138
31.64247
25.7465
29.05286
31.00148
32.6108
28.6426
26.0597
31.91018
30.67049
30.89951
29.63717
32.16935
30.7451
33.12155
25.0635
30.15794
27.5005
29.50745
31.10927
29.17303
29.5064
30.41741
27.16418
29.83578
32.26032
24.82893
29.05025
33.32638
28.66064
32.44117
28.11739
29.35264
32.92543
30.03335
25.07986
32.44013
35.07011
28.19582
26.3892
32.89154
32.84524
28.65276
29.06923
32.90514
27.69088
30.83411
29.96217
33.01835
25.19938
31.10176
28.89817
32.33893
35.25624
31.64661
28.34079
34.54556
25.6727
28.4086
34.55442
30.74282
32.79571
26.56098
27.25099
31.53728
32.2458
33.68888
26.55164
29.83536
25.67345
29.86898
29.56236
32.37521
34.40691
27.11002
29.30386
33.53125
28.53505
23.93883
30.98633
30.80891
25.15662
33.76821
25.9299
30.60429
26.10386
33.34818
31.14341
28.51819
32.9488
34.57371
29.02784
33.86699
31.39561
30.38729
31.48481
30.61977
31.51561
26.0053
30.02011
31.30967
30.99527
32.58033
34.02594
32.44317
32.41932
32.84828
31.40563
29.40327
28.72897
33.15764
33.24819
34.38135
33.34205
31.09485
32.96638
27.60725
31.54234
23.73149
33.69059
27.63726
29.51687
29.29449
34.13129
28.34605
35.54337
26.67592
34.80445
32.49367
26.92561
30.99734
32.63605
23.07967
32.82843
28.28106
28.15255
26.68148
31.24502
31.02853
31.4117
33.09464
31.88361
32.33741
28.91042
23.68793
31.31331
31.00152
30.92428
29.5926
34.13097
28.96658
32.42334
29.29894
29.13177
25.45719
26.31872
32.97484
28.96291
34.36809
28.94263
29.60077
26.28031
26.49331
32.69885
30.70187
34.23104
34.15066
30.41553
33.5123
29.57905
28.29068
33.31612
33.31793
26.65625
32.81077
34.70288
25.16741
29.50219
32.90444
25.21233
31.46977
34.92664
29.32194
30.68142
31.00335
26.12241
31.06348
32.84358
31.19537
30.31767
31.59222
33.52768
31.57314
28.1581
29.76306
25.10531
31.07068
32.04464
30.24744
30.49163
29.15554
32.46427
32.71156
30.34847
29.26759
34.55895
34.46449
26.35028
27.96737
32.93034
32.35549
34.63783
28.81009
30.33406
29.49829
29.33782
31.3896
33.86188
34.31612
32.79249
31.72951
25.93393
30.67891
30.00944
25.53449
23.67208
31.84482
29.18549
25.83367
32.44488
28.83992
26.79318
28.2051
33.19785
28.41739
32.7724
34.9821
26.79548
33.30376
33.34031
33.65745
33.85556
25.99429
29.83824
33.55681
26.23905
29.69882
29.63174
29.00984
29.45328
35.483
30.51514
26.32172
28.07103
29.10936
30.32235
34.43133
30.72438
33.34
29.04349
34.80351
34.13259
28.62034
33.78271
35.81408
32.40112
31.35627
34.34795
23.66824
28.47506
32.44997
27.39324
24.94367
26.822
30.64378
34.86848
30.05142
28.34176
22.93661
30.21893
26.10074
31.18957
29.89027
30.58008
31.65596
29.26214
30.09791
33.27303
32.50626
24.01455
33.20334
35.60308
34.07369
26.45387
30.13048
29.87583
27.45259
32.4609
31.31222
24.15796
28.84595
32.1788
27.6032
34.01179
32.92553
29.95578
28.7607
25.67071
32.06705
33.30822
31.27691
34.43056
31.22423
33.53185
28.58529
28.14425
30.83152
35.60019
31.43182
24.82242
33.43386
32.34191
32.5136
32.6429
27.61762
31.50847
33.79542
30.43659
31.00014
29.14326
29.42137
34.01234
31.87313
34.49282
31.34837
28.64799
33.09737
33.51295
31.59719
31.12554
29.36914
32.48578
35.2192
33.32378
29.80536
33.09614
33.19677
34.30799
27.01578
29.18744
31.15742
27.7543
32.07927
21.34021
33.07097
29.0694
31.10804
25.79376
34.18813
29.00309
29.50674
29.91714
26.67825
25.94635
30.83137
31.69068
32.84635
26.50988
32.55037
30.21555
34.64903
31.83216
32.67319
28.47965
27.90279
27.1575
27.63469
31.75062
30.45475
33.73041
31.26819
30.64283
30.91453
29.4705
33.07279
35.2004
32.33055
31.46849
31.56982
31.94469
33.47593
25.76484
29.19961
28.36652
28.93316
33.33376
28.10694
34.3318
25.30419
31.47653
30.32168
29.07437
28.85073
30.67563
30.0774
32.74652
28.27781
28.17062
29.43776
35.36552
28.31871
34.76425
32.19882
29.4978
22.9352
31.30378
30.9189
24.25729
28.37259
31.57705
29.32675
34.30783
26.21071
27.61179
27.1675
29.4929
29.90492
29.37466
31.87234
28.36099
31.92124
25.57223
33.06603
34.4414
35.34488
30.91686
24.85312
28.19872
29.37571
28.65567
27.10027
30.10906
31.47333
29.50054
24.67745
30.88589
29.34684
32.85288
26.01396
31.9926
29.117
34.00365
31.63972
35.00631
34.33115
28.67667
23.39478
30.51268
31.65251
34.79307
31.935
29.47348
33.28913
33.00509
33.2823
32.53056
30.65174
28.17497
26.02886
27.56664
29.98606
33.37996
26.06361
23.05481
30.63824
32.58319
30.29304
32.74651
35.61489
35.21606
34.31489
28.52941
26.57872
31.39742
27.84252
29.92968
33.8049
34.64353
29.43734
24.71562
31.2697
33.06867
32.68478
24.03184
27.85851
30.30678
30.12976
30.83279
30.43866
33.13467
30.53908
28.35111
26.39363
33.78701
29.20203
31.83867
30.60851
28.46648
27.04208
34.2441
25.66591
28.30487
30.83065
30.89975
27.47661
28.59361
31.67561
28.63832
32.51069
25.37766
29.40696
27.39265
31.2838
32.53772
28.57515
29.17926
27.42483
29.30086
33.1599
29.33997
28.91978
32.57993
32.5052
29.74346
29.66122
26.05243
29.42242
31.63382
33.9133
31.58331
29.9671
26.39724
31.85909
32.56099
27.98904
34.57198
32.67854
33.7482
29.03519
29.0724
30.72177
30.77048
32.42073
28.91811
30.93919
27.46988
30.18066
28.30199
28.25242
30.68722
31.74581
34.27966
30.97831
23.67977
29.07269
29.08434
29.18392
25.02444
31.75982
28.7697
30.6924
29.55337
35.84524
32.60026
29.59682
27.25293
29.85448
28.19961
35.56778
30.58367
30.67374
29.73249
29.34448
30.81372
35.26199
27.4087
28.97588
30.84878
25.14029
32.48456
35.09702
29.24253
29.2742
30.8298
28.82735
30.85852
34.57932
34.01995
33.59078
33.97441
31.28204
30.89486
34.82154
30.19013
32.18221
29.37759
31.8722
29.09301
27.21894
34.07002
33.68813
32.74686
30.16279
26.54457
28.72147
31.2853
28.21621
31.03404
30.38505
33.28951
31.70978
29.48588
28.23373
29.31795
30.1363
27.24502
29.26495
31.08044
26.55692
30.54715
29.98018
29.05291
30.88022
31.73894
30.68455
22.9835
31.50365
33.40079
28.76395
24.78531
30.00372
31.87047
29.25872
30.40799
30.44348
34.0415
31.26971
32.04744
27.8923
29.82662
26.23261
29.11177
30.59044
29.70187
33.29895
33.71732
35.73079
31.87703
26.09785
31.95573
34.86855
30.25454
32.90643
29.96179
27.65321
25.14794
35.4995
30.32517
34.76965
30.79279
29.74147
31.09881
31.69596
32.73014
30.43928
30.77208
35.28999
32.98682
31.93193
34.27896
30.71755
28.70397
27.31721
32.17153
29.08648
30.00726
26.49053
35.01497
31.14852
27.19512
29.66859
32.68257
28.35433
28.16763
32.44307
32.53393
26.95431
32.04799
33.81224
26.09372
26.74301
31.95306
31.53477
31.20634
26.58425
26.2092
28.67807
31.46057
33.81648
34.77897
33.39166
30.53673
35.57826
31.84489
33.04577
27.03268
29.67435
28.4365
34.29658
32.71624
27.53791
30.09581
32.61521
25.17778
31.04802
31.53539
30.63426
30.81618
29.39957
34.07408
34.5376
29.50716
33.105
29.84516
28.93177
30.66472
31.44934
32.18674
25.58507
30.83028
32.06158
31.23963
30.00411
29.57681
29.20517
35.5061
24.50676
32.90208
30.90532
33.02415
27.95182
24.88315
28.62688
33.35432
26.88393
34.05541
29.24855
27.98117
30.08663
32.89314
25.07748
33.31143
30.26961
30.5064
30.58091
24.96115
29.02749
33.76026
32.71626
28.6609
31.10759
31.05511
21.76938
30.61294
24.92085
31.42185
32.69265
30.61537
30.67687
22.7141
28.77546
31.77742
27.44349
29.00556
26.26245
28.30312
30.2522
28.67412
28.77079
29.24254
34.25018
27.00851
31.94782
31.4633
28.9986
31.81357
27.71828
28.22668
28.39994
30.65519
35.49019
27.6525
31.5842
32.29015
32.67763
28.27712
29.17353
24.53031
32.72947
27.8301
26.79018
31.78346
30.99733
32.22915
32.35727
30.30871
30.65898
28.7543
28.5486
32.52364
32.81661
28.24043
34.01302
31.13722
27.30263
33.05416
25.49649
32.39849
32.39197
30.11254
32.60365
34.7085
28.23913
28.05018
34.93369
29.30912
30.9825
24.58795
30.37608
31.3784
28.86711
31.52773
32.77639
34.43508
29.08868
27.95538
32.74603
29.48068
32.54153
29.55093
31.12657
31.3531
29.16215
34.38365
33.9667
29.50278
30.34242
31.13302
31.75604
25.08126
30.51062
23.86905
26.06191
31.30813
31.5965
32.59669
32.36618
31.87302
28.0493
34.31294
34.64268
25.71
30.62012
27.96237
30.6572
33.40697
30.40191
31.23566
26.57209
32.75343
32.99249
31.81579
31.71705
30.40056
33.11571
27.88956
33.84793
32.3678
24.14406
32.34692
26.62058
25.72181
30.18854
30.03642
32.88519
32.11834
33.29611
34.04668
33.62266
27.16108
31.34531
29.0412
34.52965
29.25301
23.26012
32.31783
28.35575
30.51606
31.64157
30.09683
31.26964
32.2671
25.92243
35.79532
35.44203
29.21308
33.88695
32.93139
32.62509
30.53182
28.16405
27.90914
29.93867
32.32469
34.21482
29.72589
33.72439
29.49671
35.12368
30.24631
32.44246
25.24104
26.03835
33.476
30.68588
28.63567
21.92835
30.59461
28.39943
30.97611
26.83251
32.2591
23.26721
30.0091
31.33069
34.17595
30.11491
29.8396
28.32082
31.32243
24.4072
25.53712
29.97766
29.25349
32.64856
34.48726
34.73914
25.9018
30.5274
31.99858
31.6328
23.6994
31.4209
29.49293
35.39063
27.60408
27.48568
31.13137
31.90764
32.98726
31.24152
29.63117
30.66117
23.54848
31.35653
28.97747
31.29619
30.16042
30.77604
31.54547
32.4434
28.9289
30.67274
32.86572
31.82719
35.06236
28.94006
28.32992
27.24912
29.54189
24.83227
28.70034
32.58876
34.81833
28.9133
35.547
32.73608
31.01899
34.08779
27.88512
28.85859
30.72531
28.39665
29.87492
30.2579
28.47832
30.37404
34.28681
28.46991
27.17957
25.76467
28.88731
33.32807
33.31063
32.89518
25.05855
25.74126
28.02484
32.24844
29.9118
32.53262
29.99132
31.39389
29.59521
30.98563
31.36956
32.34288
32.13976
29.76071
30.41848
30.35422
29.40532
34.22494
29.17601
22.33441
21.69123
29.83349
30.02398
34.53132
29.4209
30.30038
32.49929
24.71333
26.87002
28.56295
29.35862
28.4501
26.06247
33.34882
26.06229
31.38127
33.1447
25.16002
30.54644
29.50562
31.78437
30.58966
24.07246
23.85648
26.21056
30.46023
27.68317
34.54956
29.98835
31.14888
26.47942
28.91469
32.39874
30.21729
28.44082
32.73405
27.99469
30.50041
34.47759
28.82442
34.33625
23.62653
25.48041
30.58287
29.10296
31.58678
30.07098
31.76326
30.48187
31.97289
32.40139
31.39871
34.6657
26.47385
32.07086
27.64136
27.62837
25.1785
35.3602
26.7107
28.54928
31.82825
32.59183
29.62788
30.41049
34.2122
26.49952
32.35499
29.43953
33.08234
32.17737
30.93013
30.38456
29.49055
31.7311
31.63692
23.91256
29.49572
31.46511
30.30525
28.00071
35.64765
31.0955
26.66237
29.72783
24.56427
28.33023
33.61699
23.87105
29.94383
29.33002
30.90555
33.42119
25.42481
34.82475
32.23062
28.79864
30.0199
30.814
31.415
31.66435
29.53276
28.87588
30.47211
32.62482
28.96063
34.2266
30.85801
33.74745
25.34913
32.81497
26.05389
34.28362
34.10647
32.18873
31.43769
32.4838
27.04762
32.05876
33.94514
27.94775
30.4734
33.03128
31.92228
25.91731
33.44937
26.53741
31.11377
35.77609
30.32308
30.44915
28.34298
23.06995
30.06107
33.86441
28.4281
27.91342
31.57306
31.2838
32.23651
22.70906
32.39753
31.50952
31.35965
28.7923
29.53083
31.03303
29.51468
30.8366
31.87378
34.96524
26.89386
25.23316
33.25784
32.01
31.94318
30.15385
28.23171
29.25666
33.91744
28.37832
32.53578
31.73122
32.49556
30.31678
28.60414
29.76263
31.61448
28.08117
31.5828
30.67902
29.61621
32.8055
27.66382
31.01969
33.46987
30.93113
33.74747
30.47566
29.53828
29.91674
28.49236
34.20835
28.52008
30.6842
27.7202
30.13301
33.82682
30.07958
25.00219
32.38046
28.57032
31.4031
33.28403
30.25773
24.84914
30.84963
24.70954
26.28967
32.38991
33.60722
33.99197
31.65829
33.5427
33.16144
24.42522
28.77107
29.27571
35.6367
29.89664
31.31603
32.01967
28.60668
30.52274
28.65476
33.56804
32.44494
30.41439
31.78849
29.68114
31.76851
33.00909
31.10138
26.89273
29.73835
34.30332
26.08624
31.24353
32.7628
28.30418
29.97674
35.84243
32.42395
34.85533
26.79598
31.1869
32.54679
23.69361
35.56036
27.00989
29.74972
28.45979
27.36685
29.64384
26.51557
34.13497
29.02116
34.27167
34.04375
31.90323
32.0342
30.6365
32.41438
32.4089
32.64043
30.31955
31.34075
36.36616
24.86811
23.34986
33.09529
27.14776
29.63075
29.62549
29.49616
29.25505
31.54523
27.2921
31.80599
30.96195
29.1802
29.38051
26.98767
34.3778
32.7961
28.14521
33.87387
26.24977
25.65871
33.43861
30.20199
30.49125
32.07085
33.49195
29.16193
29.5536
31.38599
32.47894
31.39234
23.33552
28.01225
31.05726
30.21258
31.98607
27.50742
30.40511
31.29102
24.25337
27.93157
26.1788
31.31842
32.23552
25.62493
26.51744
32.57516
31.09386
26.03501
28.9823
32.01278
30.74017
30.68268
23.37141
30.80641
29.9392
33.4085
34.79616
23.86173
29.5797
27.80032
30.37003
31.8418
31.97968
33.71779
28.1489
28.75359
27.50853
35.28674
28.58414
32.52211
29.5861
30.97281
31.47034
22.80419
32.95039
31.48707
30.45985
28.8534
30.9687
28.33873
31.51432
27.8481
32.01787
26.2949
30.27223
30.5893
32.39052
28.57407
30.94744
30.95797
26.57387
22.43771
24.94474
29.78237
33.245
31.99576
30.47357
27.21437
28.47345
32.20371
31.79392
32.49676
33.52097
30.20224
23.36607
31.83
32.37378
35.92467
28.47863
28.5227
27.61404
25.96804
34.95339
33.60129
27.1893
30.13505
33.3797
34.74005
31.35467
35.76552
26.57954
30.08026
29.30018
32.05579
27.91357
30.41139
29.70464
32.30034
31.85438
27.71761
32.08709
33.54982
31.60189
24.72389
27.09391
29.57808
30.41169
31.22744
29.24277
31.9824
34.91305
32.84774
33.88189
29.89936
31.89921
31.87636
33.65054
32.90658
27.23442
28.99784
35.21978
28.32459
32.63309
31.99992
33.42147
32.17803
29.56771
32.66999
30.09726
31.56297
34.37111
31.43532
34.90572
32.12748
28.49711
30.0182
33.60155
34.54936
26.75488
27.27398
33.76372
32.52774
33.653
32.02168
31.77053
32.22203
29.70547
35.50409
33.16682
30.90595
29.3406
34.35651
26.96497
28.16438
30.41158
26.61867
25.24418
32.4343
29.36162
32.24658
33.59909
32.91113
32.9858
30.0438
28.03164
34.79776
29.7332
30.63771
28.56278
34.31789
33.25926
27.17234
29.00683
29.61357
29.83241
29.77529
35.73324
30.85944
29.48722
36.0081
28.9282
29.81698
28.59567
34.59525
22.98953
24.24777
29.61906
32.9188
35.9416
28.58297
30.53339
32.49092
31.16449
29.74214
32.86815
29.6801
30.33589
31.96855
29.42406
34.05314
33.49837
27.76495
29.45535
32.95978
24.11114
31.57848
32.53376
33.53003
29.00389
23.79189
31.70935
26.62852
29.99823
29.03323
30.04263
28.42234
28.52872
30.07519
29.16833
32.71195
31.02188
35.12245
31.73369
31.5289
29.24799
30.46553
31.77251
29.43368
28.80312
21.59824
28.79832
27.53335
32.13467
33.96
28.33933
25.59977
30.85123
32.78801
28.06336
29.29993
28.37617
32.31066
25.78036
28.65184
28.57586
34.07951
28.45391
28.22978
31.26516
30.39271
34.67421
30.12714
33.95737
30.56417
28.48384
32.32208
25.97206
35.04012
29.52378
32.07236
29.92223
27.43023
24.91854
30.594
29.21756
29.33976
32.28016
30.65344
30.48679
27.45673
32.71038
30.78153
25.64549
34.33843
26.09983
31.12156
29.95652
34.52532
30.7031
31.93713
34.55946
31.43405
29.09334
34.17498
26.47277
29.53504
29.97366
32.59416
28.48964
31.12129
27.73544
28.70138
31.86842
27.08199
29.78699
32.42431
30.73855
27.86641
32.36737
33.73501
28.9488
30.49358
23.0221
30.47497
28.38983
32.66733
27.64337
32.71805
28.60923
31.76191
30.6278
29.458
34.84816
25.37168
33.24159
25.10338
26.87299
28.10729
33.7738
31.30167
34.09238
30.25859
31.83923
28.93338
26.12101
34.83891
25.83603
27.60062
33.5136
30.93631
25.52416
33.06077
32.70935
27.89702
32.3198
32.71194
24.72021
29.43896
27.98495
28.2413
35.18425
30.60184
27.67153
31.69175
30.03493
26.38501
28.87329
32.23987
31.80039
30.57042
32.08166
25.57903
25.821
32.16715
29.86085
29.70594
25.5391
29.14477
21.05485
30.95852
31.59461
30.03298
29.11014
32.24908
32.65523
28.17544
29.25036
30.66161
34.35421
29.55867
31.76643
32.07405
32.47013
26.44602
33.67975
25.88079
32.70278
29.52052
28.35167
34.10922
29.50216
27.57382
31.75608
28.14134
32.89218
29.66144
31.37926
32.94818
30.49221
28.7188
34.02558
31.87771
30.14693
28.59948
32.66208
32.05099
32.39489
29.1577
27.47854
34.13434
35.73552
31.11017
26.99802
29.69948
29.19953
32.54459
29.83768
26.83972
35.01435
29.22809
29.41776
26.34693
33.0465
27.41594
27.159
25.03985
29.39118
31.0955
27.46831
29.72643
31.92034
31.60937
32.16462
27.50843
31.69281
32.39377
29.82729
30.24503
29.7315
31.20399
29.45156
26.06833
28.54988
31.56159
30.42864
34.52211
30.97143
27.07852
32.37356
29.43601
27.28718
33.47269
29.70404
29.09572
23.57511
31.54723
30.42011
28.00638
30.13688
31.46983
28.26899
31.96103
29.08076
33.43148
30.59553
29.6112
30.7528
29.7558
30.29489
32.7143
27.74755
28.21689
31.28056
32.19036
31.2843
32.36584
28.8759
27.71053
28.93854
25.33901
33.99386
31.21312
32.79113
23.83839
30.06418
31.43892
31.00103
31.91882
30.14115
31.3591
27.65866
26.69638
23.98073
33.30805
33.71048
25.6386
27.78963
34.36473
32.24521
28.99578
30.99191
35.7002
30.48468
30.8771
28.89103
30.93023
33.41643
28.36351
31.89597
34.40685
32.08777
31.86199
32.05933
30.11499
30.04203
29.86143
31.15058
32.35412
32.29215
28.13942
32.50385
29.38576
27.37296
32.13079
29.65484
29.95201
23.455
27.71179
30.47526
33.20311
32.13122
26.18791
31.82486
31.34194
31.86993
32.71719
27.69632
29.61852
34.00888
32.03378
29.54921
29.68539
30.25517
27.18527
31.8848
31.93486
34.97051
32.43212
31.75597
26.69717
31.60581
26.18161
29.79979
35.46504
24.9682
31.21098
25.0257
29.56495
31.51922
30.85633
32.61753
30.69607
26.55881
34.2746
31.4333
29.95242
29.2881
33.60176
28.0078
31.29628
32.01843
30.78765
30.20446
29.40583
28.80359
34.48239
32.07341
28.79804
31.47578
31.21672
32.55961
31.31227
31.81994
33.80098
30.9559
32.84411
33.9585
29.91679
28.06107
30.13581
31.30909
27.37542
24.73331
32.09304
31.77148
25.05933
35.24395
33.20301
31.53729
26.89138
27.64317
26.24828
30.8991
30.38248
31.77437
34.80717
28.62244
29.40183
35.63558
32.9395
27.30665
30.2354
28.09139
27.23603
30.25452
31.32863
34.7283
32.82187
30.84861
34.97098
32.78919
30.63057
35.74833
25.66644
31.22105
26.04565
27.59068
31.31751
32.02363
32.04966
27.74296
30.35844
27.80718
31.23921
27.66112
29.97959
32.51546
30.65792
30.44
28.50094
30.89382
26.71788
30.56796
31.99597
25.46253
27.8323
30.86244
23.55248
33.43628
28.09945
33.65808
28.88755
27.13301
29.77811
31.01957
23.12929
25.01687
35.07521
29.27922
35.04846
32.98711
31.81649
32.65344
33.94274
30.49316
30.51504
31.62839
29.77516
28.93002
33.25504
29.07656
32.36811
27.02352
33.63916
29.02803
28.93746
29.06469
29.61368
32.96249
34.98486
32.7953
25.13512
31.80029
31.1387
30.43239
26.44821
34.83758
23.83121
32.95469
29.98437
30.67805
31.73301
31.47248
28.86113
24.60144
31.03333
29.95937
30.76866
28.95555
30.15429
31.17308
33.56189
34.62769
23.77996
31.67357
33.86897
33.50655
29.49043
31.32883
33.21077
30.75582
30.09051
28.34106
30.65804
34.10113
30.23795
25.24366
29.91929
32.1503
29.35435
31.31753
32.0187
25.36087
28.52701
34.27737
32.20462
32.93316
28.92429
35.29682
27.62307
26.46017
30.9959
30.98111
31.47792
26.8988
31.08147
34.20815
30.00536
26.23699
24.67311
33.4482
26.41595
30.37193
31.57417
31.74107
24.38157
30.48773
32.90415
30.65388
33.25248
32.6479
29.53288
26.50863
26.32485
29.87249
24.72953
30.76322
33.77006
31.144
31.95771
35.67588
28.0351
29.81885
32.88205
27.28306
29.89778
30.3376
27.0649
32.24613
28.98919
25.52004
26.9427
32.38744
27.57102
29.79854
36.13552
31.3737
31.45849
34.53268
33.05402
31.92822
30.07629
33.32197
30.49237
33.7648
27.69437
26.71482
29.17571
30.16435
26.91402
34.94793
27.80309
27.64242
33.22336
34.53927
29.50513
30.64242
28.53587
24.84274
22.87032
28.55905
28.84397
25.79702
26.12188
32.15944
30.6642
29.89632
33.00979
26.51155
36.35895
35.2477
29.13515
31.56212
30.79185
32.75167
35.19689
33.68746
33.49253
29.42641
29.83695
30.03106
27.67312
30.58017
25.64764
28.84252
30.28999
32.29186
31.67194
23.71213
31.96049
32.2738
31.19136
30.29907
32.53357
28.49913
31.14613
27.5009
26.56467
27.43068
33.84541
34.85821
35.09408
33.87044
29.13365
31.68113
32.85211
29.71702
31.68679
32.98363
29.20256
26.58138
30.86535
31.28358
31.88729
32.91307
27.89235
27.62919
28.17233
31.58867
24.20483
28.88627
32.33362
35.2234
30.70486
35.80406
34.23727
31.75456
32.70338
29.86538
28.31141
32.97424
28.07706
31.91947
27.79458
23.49443
33.61104
27.80716
27.43067
29.1068
33.00327
30.55664
29.76718
32.66915
30.38148
24.52031
31.5932
32.11796
30.34725
25.0759
32.70626
29.42685
32.11303
31.55291
32.12468
32.64411
32.10138
25.18963
32.6197
26.32331
31.60103
30.37333
31.52974
31.40728
34.62947
23.06408
32.96352
31.07131
27.83894
23.72148
31.98175
34.27184
32.35863
24.8043
30.17864
28.80662
30.96691
31.99784
30.12439
27.09823
27.68279
30.49178
30.45679
30.27327
30.91275
33.80555
33.67701
30.26066
26.55883
27.13308
29.49032
28.73182
30.4599
27.10127
26.3535
31.76119
31.55101
30.67466
31.35594
30.76278
34.38862
34.94381
32.73401
29.11884
23.17815
26.1689
27.58172
28.25002
34.61268
30.85638
27.47795
28.0023
29.1339
30.72429
27.99071
25.8138
28.33337
26.81689
31.11313
28.91096
26.55745
30.56018
30.41731
30.12045
29.28874
31.0362
26.51387
28.53978
28.12496
30.27728
35.63171
31.37774
26.61196
32.94648
29.04459
30.735
31.33892
30.92308
30.2589
33.45701
25.11316
28.56744
31.61395
32.76725
29.18395
32.1472
35.14082
24.67178
27.96204
31.60336
31.22861
33.02446
25.10275
22.72467
31.13632
31.77912
34.77017
33.01858
34.6395
31.01987
30.34311
29.16616
32.06956
26.1587
28.81036
34.84385
34.30081
29.16355
29.78161
31.47713
31.89289
30.95373
28.96122
29.68184
29.80518
24.54706
25.70163
25.61
27.99024
35.51817
31.6481
31.07032
31.10345
31.94642
32.08884
30.27223
26.58873
27.63157
33.31385
29.95303
30.44289
32.69534
31.84543
28.47115
31.35404
30.94018
27.86413
30.1651
31.76347
26.20678
30.88267
29.64717
30.9741
30.26744
29.90385
26.082
33.76029
29.74743
25.85884
33.41697
33.24544
31.06128
27.07359
30.18959
32.81912
33.40387
32.32946
32.93525
26.27269
32.13787
34.90241
31.10669
33.94181
34.917
31.63227
31.74744
26.94381
32.00403
34.03349
31.07383
29.71039
26.52294
32.66498
25.91746
30.38397
31.4896
34.60142
32.8373
33.67054
32.23671
30.36847
32.17202
33.16782
30.58663
32.3696
32.3733
28.29854
29.00381
32.2996
27.2522
29.0399
31.21573
29.99278
32.50653
27.23003
30.45229
34.656
25.39687
26.5024
26.65043
30.63628
29.16301
29.24696
27.3461
27.72641
29.99065
27.96905
32.51815
30.38134
30.56527
26.47917
33.79235
31.32844
28.81142
30.93573
30.00955
30.84891
27.06852
34.87215
36.04753
27.95259
30.38232
27.97647
29.99892
30.78001
33.53464
29.00155
35.25575
25.62613
31.36051
31.77539
29.2623
31.04853
29.49569
28.34047
29.62996
30.03265
28.89065
30.60012
30.05075
25.1124
29.8347
32.69223
34.81837
28.19385
31.23681
31.13006
34.22312
29.41669
26.16191
31.15477
30.41734
29.92153
33.61329
30.24802
28.81114
30.74274
28.97402
28.03632
29.86245
23.31253
23.74087
32.12213
30.05488
29.06192
26.16388
30.97301
33.90797
34.24191
33.41854
30.09032
31.33186
31.63405
26.62232
28.0968
28.5394
31.50033
33.44653
34.02523
32.48883
28.88052
26.27196
31.84855
29.05839
32.32873
35.28947
30.17233
31.12112
26.11417
28.33175
33.66623
31.01384
30.16814
34.93182
32.19903
34.01041
28.21166
28.09096
28.81886
27.62414
31.87307
29.09643
29.90586
28.72956
30.98066
33.56226
29.82621
31.625
27.8699
24.51588
30.20713
32.49929
31.95916
32.4721
33.00984
30.80234
27.92945
32.2905
30.65313
31.81628
32.59684
30.69208
32.66326
32.21558
28.40206
29.06266
26.85727
31.39929
28.50545
33.00731
31.35024
30.56319
30.94945
29.18851
30.9929
28.35506
34.33082
29.94138
32.60014
28.82278
31.51506
24.52781
28.81535
34.19764
24.26867
32.2198
34.63252
30.36968
29.0962
31.79979
25.10657
28.19644
26.27126
33.96757
27.84188
30.34714
32.14098
28.93736
34.29656
31.94514
25.80578
30.63385
27.03563
33.24321
29.04514
27.22054
31.25137
30.53527
32.81671
33.29857
29.31633
28.05841
32.79949
32.31052
33.19029
31.66987
34.30934
29.43803
32.37943
24.4294
33.02403
26.54507
29.55875
34.37074
25.38691
27.31797
31.96568
30.68457
28.77058
24.36524
29.01312
27.96059
32.52605
30.038
31.73135
30.41414
28.04648
34.26216
28.97454
28.00259
30.94137
29.14016
32.65407
30.34958
27.10187
28.92277
32.70117
35.04998
32.99841
34.07762
29.90165
27.08233
30.61621
34.83659
30.75814
32.07777
32.30094
31.99651
34.33562
29.7073
25.80549
30.72061
31.71126
34.02193
29.67048
33.37224
32.37244
31.3899
32.13697
30.86534
31.37206
33.94414
30.73506
34.03769
30.62001
33.29668
29.52486
27.63846
29.18077
29.95998
30.12185
35.26413
31.57604
29.25317
31.42527
30.06409
27.60485
32.34842
30.97876
33.60095
30.8731
27.68688
30.17452
32.25563
29.08043
32.1844
31.9879
31.86716
31.12254
33.81287
33.49457
31.10352
27.95172
31.61062
26.22654
32.55122
28.99708
31.01511
33.53953
26.85012
31.89576
30.83659
30.65636
30.58716
31.46278
21.20535
29.6541
29.77231
32.13845
34.54503
29.78105
32.95095
31.55171
30.8455
31.64723
32.45076
28.20663
24.77775
32.49429
31.78469
24.64332
29.54393
26.33748
32.32365
31.6177
30.20731
26.11165
30.74118
28.11536
24.50021
34.97283
31.19775
28.78697
33.69376
32.55594
31.96727
32.58267
32.02683
32.79432
34.15928
32.43691
33.06102
28.05033
35.19128
32.64607
33.49252
31.26555
33.90951
27.85218
30.86426
28.9905
29.13992
34.3376
27.6033
29.40591
25.77506
30.4216
26.51446
27.15143
31.4808
34.7187
31.95816
30.75495
28.91788
30.5465
28.51292
31.50411
33.62064
30.58393
34.638
24.41886
32.5159
29.64501
29.68068
26.13616
31.11582
27.72693
28.86432
33.58861
34.02914
33.02684
27.74467
31.61513
29.03342
30.35364
31.89999
33.16641
25.07266
33.43386
33.27816
27.9682
28.91756
29.24757
26.81278
31.78393
25.17276
30.95243
33.83198
30.04211
31.29582
31.40015
29.91774
33.44641
31.15924
29.6236
28.99527
25.43975
30.97039
28.28724
29.15044
31.97823
34.76336
30.22852
32.04297
35.47195
29.45418
31.69202
25.9352
30.35546
34.60937
23.61416
23.98007
32.59205
32.62168
28.85316
33.57918
33.08336
28.763
34.35799
24.78735
32.30598
31.21838
26.38269
29.08812
27.00434
27.56846
32.61708
31.33467
28.07385
31.73479
29.44754
32.35829
30.36898
32.72836
29.58957
31.6933
30.16523
33.86917
31.74319
25.69368
25.87731
32.96812
23.14576
26.32803
30.26163
27.33529
31.87284
28.28456
33.6851
29.66735
31.10251
27.54215
35.87087
27.34901
33.32751
30.47281
28.71278
27.42108
29.22291
32.87534
28.12655
30.77798
29.57595
30.88368
31.77811
32.52735
31.34189
27.36187
29.54965
33.705
28.78523
27.94167
33.63451
31.65857
27.36766
34.54881
32.42424
25.33367
34.25687
25.55532
32.31199
29.73781
29.52667
32.62646
31.18571
33.92631
31.99902
23.82967
34.93127
30.56203
31.28828
33.53199
23.8474
28.04079
28.27113
27.53517
30.13687
31.04482
30.20245
31.24354
29.27944
33.67969
33.83036
34.27985
31.63221
30.66709
33.93107
27.70278
32.53284
34.80329
35.16207
30.53593
32.29071
35.0252
27.97056
34.06172
25.22235
33.55059
31.9434
30.36633
33.45414
34.3687
32.85318
25.11176
31.3009
29.45256
33.34219
28.82145
30.63404
30.56301
29.99133
26.19581
29.91059
28.53001
33.97548
29.81613
29.28809
26.65514
26.30221
31.2059
28.70932
27.69217
34.58049
30.91001
32.13021
30.2433
30.05213
33.10051
34.66746
27.72132
34.62795
34.95175
29.55429
29.52371
32.74347
30.14064
25.88018
35.21893
32.85004
31.44194
29.90518
33.71411
27.22883
34.83508
35.53803
33.65884
22.71933
31.93369
33.75017
28.97189
33.00336
30.5758
27.55974
32.01956
27.46169
34.03653
34.29601
28.56104
35.28302
33.33328
24.35533
29.2733
27.96992
30.52175
33.85399
29.7463
27.08633
33.30333
31.05012
30.18324
29.3741
33.2846
33.42124
31.45967
31.85101
32.44197
30.48603
34.33694
34.12519
31.75403
31.98825
33.205
30.83377
29.93163
32.40377
32.24669
29.01113
30.32079
34.58233
33.17113
32.77314
29.29821
28.01923
27.36484
34.49181
32.15444
29.99776
30.0587
31.18057
31.58558
26.80004
25.80097
28.6873
28.95351
24.79809
28.26922
32.11575
32.95217
25.18467
25.5638
27.65984
31.40657
26.8225
32.6046
31.93026
30.45326
28.97056
34.63059
25.91358
26.36257
33.88493
26.96024
26.03994
32.4641
34.3505
30.71902
32.41673
26.14838
27.45252
31.5113
24.30404
26.30454
29.66367
28.87491
31.48153
30.41374
35.11374
26.71558
31.31022
32.70152
32.55689
34.68751
34.16135
31.10204
35.14845
26.74108
28.11066
33.36474
26.79872
33.0513
26.35699
33.36417
26.08665
32.15065
29.7624
30.58673
26.35465
33.43151
25.41296
26.60733
35.34138
24.03876
30.15111
31.17279
29.76859
28.51461
28.93835
27.51027
31.64266
31.25791
28.78208
31.64265
21.45464
24.95989
28.96939
31.17242
25.2093
28.12314
33.90467
29.17341
29.34395
29.89754
29.89658
29.20765
31.72492
27.28886
32.48851
31.20547
28.15197
31.80416
28.80317
29.40502
31.58666
34.76688
33.1993
30.48519
30.19681
30.06159
26.09357
32.96722
27.91551
32.80956
30.63185
27.2313
33.92514
30.94197
30.84418
29.76398
33.89175
28.63043
33.31101
28.38647
33.15443
29.62023
27.08929
32.62718
34.37088
30.58019
31.63002
30.13489
31.57533
28.97218
33.01236
29.63678
34.24111
23.807
29.17954
32.42328
29.02054
30.59348
25.27119
34.86612
34.51096
31.98127
28.86621
23.50781
28.49906
30.4073
32.33987
32.76229
30.43233
27.22432
25.73378
31.05225
27.6956
33.7353
32.84286
31.58121
29.38383
34.42564
32.15496
33.433
30.27522
28.93152
31.57169
34.78602
30.26342
32.55063
29.40161
30.35972
29.40087
30.58607
30.71717
28.02193
25.66705
33.1968
27.81632
34.7907
31.68902
28.14162
30.6152
27.40874
30.4024
35.02098
27.65155
30.55783
28.44348
27.94211
28.88648
29.76511
29.74712
34.1642
27.6767
31.56157
24.90322
32.55232
28.5192
33.62051
29.94286
28.19158
31.71283
26.65846
30.65434
29.81701
25.58561
32.17497
31.97585
28.00325
27.52367
30.82131
31.15966
23.68717
30.0884
31.39459
32.73026
28.49935
30.14035
25.44661
32.08371
27.69977
31.37363
27.01512
32.79389
28.35249
31.33174
32.61147
31.04463
26.73645
23.8711
25.44916
27.69864
27.95669
30.46663
25.38644
25.82002
34.21096
24.43508
32.16324
30.84385
28.14065
31.43871
30.51061
26.70117
34.24958
32.4093
27.71506
34.38012
28.01415
29.6273
32.82795
34.55803
28.58928
31.1352
31.27141
26.58675
29.343
33.2413
28.90035
27.9584
28.11026
31.98519
34.19104
24.18513
30.75164
26.48713
24.75591
34.69921
30.08501
31.01084
31.37165
30.01721
26.67005
27.95984
31.26951
34.17793
28.33543
35.41626
33.42805
29.2058
35.1432
33.90461
29.24223
32.02855
30.53311
23.96465
32.21475
25.18613
32.48814
27.61447
28.25577
28.96866
29.37038
30.92354
31.78717
30.36499
28.89499
30.164
32.93018
29.41719
30.24943
27.49552
26.81339
30.84135
28.50362
32.16184
29.6773
32.79816
31.67579
32.63245
29.38235
28.56523
30.09054
32.69145
29.44292
31.49243
34.07873
28.81292
29.30394
30.6628
27.06328
31.29815
27.29715
29.39719
31.1036
32.48379
28.00395
30.48956
27.25267
28.62945
28.46239
29.62193
28.4388
31.47579
27.22462
28.54463
27.69349
21.18617
28.23976
34.71201
29.34478
30.03813
28.46565
27.98104
32.40176
32.76891
29.78572
30.61161
30.39467
28.25438
30.86967
24.68332
31.6783
24.21019
33.26372
28.56344
26.67795
30.59634
27.496
27.70516
34.50762
33.72392
29.21896
30.83584
32.82
26.99738
29.95658
32.15696
30.19288
28.01504
26.43804
30.38063
31.96772
34.35671
32.8603
25.65516
27.64991
24.88993
26.97829
29.80778
30.34505
29.29246
30.52812
30.43929
26.14862
29.21809
31.75107
29.28505
29.89618
26.50805
33.74061
33.65124
32.09306
24.69141
27.31549
30.07487
32.87014
35.66464
27.76045
25.84217
33.09068
29.7399
25.60081
31.31277
33.31779
28.80241
32.54132
32.63841
26.1037
34.82201
25.05882
30.28395
27.29526
35.00188
27.95317
31.86512
33.99175
33.44894
28.47002
33.25061
32.70119
27.45308
30.35326
32.78848
28.52502
33.23741
31.1778
28.34553
30.18907
33.77955
27.01968
30.47075
30.25745
32.44264
33.73541
31.84041
29.6991
30.27188
31.45557
34.30022
27.44194
27.43368
27.32148
25.95672
27.12717
28.81591
26.8533
34.84719
28.88753
27.2896
25.81193
34.81052
26.71534
28.069
28.49651
34.31347
23.50661
25.88186
33.81183
30.63356
30.48015
33.07699
30.14666
24.23977
25.93751
32.2474
34.48941
26.49145
31.68678
26.40381
34.39181
33.79574
28.66644
35.55493
32.03042
29.38303
26.4702
28.95708
32.6803
34.02801
29.36283
27.33457
30.44896
32.97124
31.69125
31.12437
33.44726
23.07416
26.09525
32.59283
28.61543
28.92756
29.08472
31.24048
30.1125
25.57838
29.0068
25.99013
29.08834
25.74689
30.69339
30.18338
29.89654
30.07535
31.6061
31.25003
28.44896
29.00657
28.79567
33.91499
27.84419
33.22107
26.25197
32.23019
31.86549
33.97994
31.8433
34.23656
27.96835
26.76045
33.13692
32.14894
32.18123
28.80053
31.03782
32.46658
31.53847
33.24046
28.35867
25.97387
29.21996
32.50226
32.13974
33.3751
28.02107
35.28062
28.24182
29.35525
30.95561
34.71069
27.4844
32.72157
33.09131
33.28224
35.05755
26.4153
35.17962
30.62421
28.81554
30.45536
28.53545
28.56694
30.6927
34.75638
31.6612
29.71721
30.08897
29.85922
31.00961
31.61849
28.7792
31.92194
26.5444
35.35684
33.89051
33.08862
34.08111
31.99973
32.83101
28.49742
27.37704
28.40539
30.37721
31.71631
30.46228
31.20822
31.31431
29.49238
25.73752
32.39858
30.84277
33.95776
32.87101
33.44322
34.81363
30.89989
34.48198
33.54455
30.1741
25.56502
29.80213
26.45286
28.88316
28.776
32.33856
33.02126
28.63577
34.44379
32.82226
31.5928
30.39943
30.55507
27.60875
31.94497
33.10151
24.37041
30.44722
30.64279
27.29917
27.24308
29.99323
27.62533
26.00192
30.06361
24.55308
26.23175
31.55783
31.28254
29.13316
24.78602
29.09674
32.65643
30.40326
32.66384
35.01832
28.00463
29.1652
28.11907
27.24007
32.74542
29.17331
34.42643
26.46518
27.97192
32.25558
26.49767
31.61748
32.29258
25.70567
30.59321
28.07644
25.89023
34.10917
35.15694
27.2162
23.20629
29.11777
32.4684
28.11339
31.3935
32.04692
27.62207
28.7931
33.41416
32.32103
31.03975
33.45545
32.42133
27.56395
29.27766
30.60051
30.43515
31.97309
26.16684
25.45795
24.5198
28.54595
29.25503
24.49405
32.82498
25.36937
34.64756
30.26733
30.73175
29.32398
30.97583
32.02295
30.1715
29.77907
33.81397
32.36807
32.55907
29.77221
35.16525
33.29974
32.74367
32.28547
29.90896
29.70174
29.69249
32.66882
28.24768
30.50144
25.99469
29.55688
32.53894
34.36823
32.24624
35.01311
26.40063
30.96876
31.42578
25.84216
29.08947
26.31474
31.11219
31.8099
29.61083
27.84337
32.22961
32.00658
26.8735
28.71868
33.75151
31.25454
28.96333
31.34861
26.77871
28.58808
27.24416
32.25979
31.35186
32.01499
28.89452
32.99942
32.6271
32.33454
32.00994
28.54998
33.72439
34.34137
32.06931
28.53075
32.03511
30.60248
29.62069
34.45886
26.21002
30.92179
32.16034
32.50508
25.47635
27.31711
29.61039
27.16402
30.21346
29.62539
31.29523
35.60621
29.18234
29.13774
29.84287
32.24329
31.65683
24.72616
31.4561
29.72334
29.91537
27.25639
32.29648
30.85526
26.95038
27.22298
26.29869
30.20827
32.63778
31.43277
32.19133
25.73527
29.3701
31.96966
35.56479
28.15505
32.70416
29.75923
29.9282
32.45297
29.44397
29.79702
34.30934
25.49555
30.27894
25.39548
32.64317
29.77298
31.02285
31.26103
29.85351
29.74846
35.11044
29.71062
32.65931
31.38089
32.61789
31.30619
32.95962
32.98304
31.11051
33.09933
27.33508
30.05949
24.88758
29.362
30.89655
35.52639
32.81243
25.8147
26.04548
31.71296
30.42574
31.16964
31.55463
28.77678
34.59038
27.1947
27.2395
25.94894
33.86879
22.69251
31.88483
34.24861
32.63579
34.23209
26.42679
33.4497
32.49311
30.06387
28.01444
28.90584
32.83579
34.98965
28.53236
27.75383
31.57395
28.84468
30.55316
27.46981
31.61565
27.67118
25.93709
24.80616
30.91266
24.10508
27.73186
31.98691
32.57374
27.882
31.81981
32.28645
33.62128
33.15004
32.96154
28.64677
28.34771
24.81512
32.39637
33.14201
30.4972
30.24712
30.50944
31.9168
28.93248
31.79441
31.97061
27.47526
32.03311
33.88642
30.23156
30.76221
30.89518
25.2102
27.4947
33.54779
30.60407
25.7861
23.97267
30.60668
33.09066
29.61576
30.90973
27.8265
34.33321
32.67005
33.95083
26.85265
26.23849
33.51422
32.272
27.14876
31.29714
29.08466
26.66506
33.57386
24.85867
30.14926
30.81898
30.49219
35.14872
29.48028
31.20492
31.13481
32.49145
30.53503
28.93581
28.99514
32.96805
28.99469
27.30101
34.07771
31.83478
33.13185
34.0007
28.6587
28.391
27.28297
33.06975
35.05668
29.07391
32.91668
26.51705
22.96124
25.06021
31.54944
29.73018
26.55645
26.16128
31.22023
27.88811
30.14531
33.24582
30.39749
35.16981
34.45423
30.65146
29.23038
34.21527
32.06538
26.86989
31.36175
33.36456
32.20878
30.94767
27.34535
29.49205
31.25759
26.93278
31.36031
34.8567
33.86284
29.07314
30.8465
32.3384
30.33224
32.04746
33.8975
31.08841
30.51539
32.97922
25.59624
30.7375
29.64406
27.12331
32.71066
26.94188
32.32013
32.67494
26.23086
31.74315
32.08701
33.62723
35.00358
33.13276
33.99374
30.52805
27.82491
28.4304
28.38009
31.71679
34.23746
34.82001
30.00021
33.15971
34.1243
31.79074
33.80473
29.19066
32.76353
31.1835
28.84106
25.42062
28.44704
30.33964
32.58821
26.33489
30.09241
27.19575
27.12829
29.43883
30.70646
31.23154
32.27822
33.24061
28.72711
33.69831
25.52108
28.05755
25.01767
31.93242
31.98514
33.5422
32.19806
29.23428
24.50163
30.26796
29.13483
28.78649
24.48186
31.77668
28.97887
29.51903
27.98837
25.40446
30.3897
28.00007
32.86465
25.82733
27.9969
27.09734
28.96866
30.82104
30.13802
31.71714
28.38553
31.47202
29.66895
31.48557
33.72561
27.5833
25.49505
25.74655
33.46006
29.35138
33.27701
29.48981
29.24104
32.89233
26.21821
32.45697
29.28786
30.02402
32.26574
28.05121
26.30274
34.15845
30.94336
32.96982
27.50543
28.74388
32.10485
29.57115
25.9333
31.4436
25.67598
29.17924
28.05339
31.46725
31.53891
33.49494
26.31294
29.134
30.38593
29.0279
26.31405
29.03525
32.40414
31.88876
28.75497
31.87398
33.81468
33.45654
31.47715
30.05901
31.91944
29.10269
33.17475
31.97596
29.68622
28.04606
28.5072
32.71636
28.40629
29.80899
29.6951
35.27542
29.66867
31.19818
31.69044
33.60925
32.47686
30.34539
32.13071
32.32601
31.33375
32.35084
31.42115
26.90151
29.08438
33.67133
28.43709
31.01272
34.62759
27.10217
26.72303
34.16122
33.8359
23.85412
31.23819
32.76475
28.34633
29.22528
27.51822
32.04388
26.25446
28.55025
31.45661
26.00073
32.66613
35.1044
30.97251
33.23259
30.52685
26.51101
21.83992
29.29737
32.31074
28.50404
29.19562
31.03868
33.10381
31.98098
31.02204
32.6445
32.9679
28.18372
28.68351
29.5445
35.54698
27.96388
26.34572
33.82197
24.10752
30.75303
27.11579
33.33836
27.75743
30.01375
31.42316
28.8366
23.71766
30.03365
25.04632
32.9414
32.40172
28.55313
33.71019
32.14756
27.23178
33.06844
29.98956
29.05007
33.96885
32.77074
29.84334
29.20021
34.04549
26.215
30.24274
32.7953
34.40353
32.6282
28.76155
33.19012
28.77095
34.52094
28.68462
29.044
29.89849
29.16704
35.06762
24.97813
31.10646
33.2526
32.7393
33.43719
28.50944
30.20451
35.49424
31.49682
31.93615
32.43226
30.5549
34.52648
32.54055
32.15939
26.49556
29.41551
31.46275
29.22127
31.06507
25.40385
31.41206
30.60419
32.19108
26.14945
31.32564
29.64608
29.78493
30.00277
31.63604
31.94881
31.10914
29.05517
33.35103
26.56304
28.82958
30.70053
24.24109
27.2359
33.14226
30.03551
33.18717
33.54816
31.01907
32.6868
32.67974
31.4491
34.00727
29.85146
26.97819
22.57692
29.80879
29.42354
31.11634
28.97246
31.55448
26.04954
30.87858
32.14831
29.92259
32.86192
29.05004
31.03327
31.33098
29.45296
25.97571
33.77706
27.56536
26.00796
29.25913
27.90068
33.32799
31.47329
31.43574
31.86803
31.71506
33.47435
31.4313
28.30292
27.69195
29.82471
32.85821
33.94352
25.26273
28.99917
29.72959
30.49411
35.60534
28.05582
28.31581
33.20317
30.33357
29.06615
33.1607
31.14461
27.37859
33.72365
34.58032
33.06023
31.92916
29.47861
31.84564
31.49195
34.17765
28.70522
27.16456
32.33407
30.56585
32.53038
31.02789
25.89971
31.59812
29.82244
31.52972
27.81338
30.05164
32.2417
32.54675
25.73868
30.03435
25.48511
29.67387
29.42146
32.70705
27.82124
31.31547
30.33064
29.79504
30.64339
30.26972
28.94984
31.44164
28.12914
32.92935
27.47297
34.13813
29.44744
31.21983
27.01023
32.68977
31.75802
34.58016
31.95782
31.6417
21.8922
32.43207
31.96588
29.49864
31.2612
29.87812
28.15109
28.26497
33.0732
25.09395
29.43098
34.51269
31.23063
31.04707
30.14713
25.71652
33.07301
32.10246
30.67481
29.15694
32.56937
25.81254
28.04831
30.62058
29.16543
28.16807
31.48922
30.90437
27.79882
28.3179
33.18436
32.67614
27.8972
27.042
33.04038
28.79902
30.07172
24.79752
28.11884
32.20616
29.27685
27.27756
32.60394
27.56304
28.59694
32.27886
27.47113
29.21711
30.74297
24.57436
33.36035
31.51079
30.06401
27.71307
29.58791
26.38495
30.15055
32.14681
26.58119
28.25757
32.61007
24.1557
30.86592
26.33336
31.57434
28.72473
28.40403
30.88304
25.35622
25.57773
31.32631
26.73458
30.49894
29.70126
31.16591
25.64527
27.65114
30.77506
33.03627
33.1672
33.35792
35.28824
33.90976
34.01475
33.48721
33.60783
27.5446
25.08683
32.27267
28.99606
29.25389
29.58375
29.87727
28.78475
31.35321
27.62836
30.05638
29.34836
29.23617
25.05222
31.44757
29.15113
30.81348
31.0749
32.45711
35.54096
33.6612
28.82111
32.92672
35.04713
33.15514
28.50469
29.65929
32.27359
28.83995
32.05495
32.84972
29.97584
31.05489
31.01876
32.92004
24.91606
27.94756
34.64833
29.84404
26.95842
34.01038
34.06529
32.40086
30.9268
33.79051
29.17088
29.17591
31.29302
34.33905
35.3774
35.50128
31.89017
32.54255
35.40361
28.57478
29.14697
31.96956
29.48818
32.52512
27.06462
25.86999
33.24416
24.76839
33.94139
30.34787
29.94478
32.64828
26.46764
26.55169
30.4347
33.37185
33.82924
34.79685
31.4656
30.52109
29.46707
33.20014
27.77314
31.7746
29.58635
28.69676
31.55084
28.61511
25.52249
23.87279
21.387
30.98261
33.27162
32.67497
31.08599
31.30837
31.10673
30.91705
28.77973
33.18209
29.54306
32.14883
31.12002
27.68543
34.00219
30.3224
29.00847
26.2777
31.43319
31.18199
27.62109
31.24221
31.07834
30.2365
26.13201
24.42946
31.75131
25.56267
27.21796
28.35177
32.16077
24.10473
28.94219
32.71382
31.482
34.04862
29.74463
28.60462
26.13751
33.78696
34.61699
30.8364
31.43847
29.20578
33.50601
33.12048
31.04473
28.84824
25.4964
30.71775
28.96415
31.34202
34.77752
24.01444
32.57521
30.14723
31.00024
27.39184
32.77736
34.34672
28.18977
32.00895
28.14649
31.90457
28.73056
27.94964
31.52464
29.79224
29.96328
34.32381
30.96141
28.38793
33.59535
30.15113
29.20644
31.10013
28.86907
28.12367
34.48292
31.64375
27.46828
25.91081
30.40873
31.34405
28.39664
27.86884
29.05321
28.31195
27.01922
26.76069
31.37691
32.22697
31.74772
32.88817
32.89638
31.11093
31.13771
22.11098
32.88877
30.58628
32.6803
32.11283
26.99286
29.86525
28.71638
31.06951
31.47342
29.03091
30.04516
30.37269
29.47165
27.48445
27.2622
28.38761
33.36061
30.32462
33.42014
27.94316
29.55999
25.07933
26.57798
28.70704
32.7964
34.91568
32.73973
34.37567
28.3735
32.2946
34.63396
32.19186
33.85929
33.65077
29.92556
30.52984
25.50219
31.34706
29.19668
29.69919
29.59836
28.03139
28.41556
33.09848
33.77493
35.05782
26.83741
29.28301
28.21276
29.75122
27.43334
31.56031
26.80922
34.38646
32.43535
32.55331
30.68517
29.55735
30.65269
30.54975
32.40887
23.3877
24.07503
31.0414
29.79152
25.51594
29.52094
34.47186
34.18987
31.63705
26.90496
31.61787
29.8584
32.7438
29.66058
31.96127
28.94745
33.13193
34.95492
31.81012
32.28423
26.85309
31.54084
25.77611
28.98801
33.28452
30.84919
28.4185
23.98199
28.35194
26.03464
28.86238
31.95713
24.85391
31.07511
28.75105
29.90775
29.21744
30.15331
28.05138
27.32179
32.79089
34.27598
33.57658
33.17219
31.91579
33.84735
34.29571
28.99712
29.64782
30.32334
27.82515
31.36669
30.82252
33.81798
34.15212
29.09754
30.36911
31.74302
30.80962
33.00059
31.68024
30.65197
29.14249
29.32564
33.23004
33.13148
30.3651
28.80688
28.79378
29.27261
33.88115
29.27103
31.72223
30.24408
28.81711
33.47312
29.00821
33.24959
34.79901
34.30936
32.68495
29.06923
34.76513
28.78422
34.48841
28.59615
29.87067
28.0615
32.46572
32.77082
32.26829
32.54815
27.56704
32.77451
33.69978
30.54565
32.76329
28.44501
35.20474
29.32624
32.9195
29.03897
32.30674
28.67026
29.69661
30.43835
29.11225
31.89909
26.29128
28.63859
27.7879
32.08593
27.99407
27.14521
28.49336
26.8663
32.98943
30.09364
29.08546
28.16808
32.7606
28.24339
32.00885
27.50137
26.20671
29.50451
27.68174
26.97665
25.45177
33.87667
30.80571
25.41041
30.60803
33.33996
33.55051
29.34777
24.80724
32.44379
30.06172
29.24491
27.7519
35.5807
25.16022
33.02682
21.61053
32.85561
24.40148
35.66758
30.99838
31.20638
31.64206
34.64129
25.96122
33.0445
29.02651
27.74221
33.528
30.82298
31.56133
32.17712
33.4035
28.93976
28.85519
30.10796
31.93693
34.05007
32.48184
30.20301
34.67496
27.08273
32.15147
29.4027
28.65527
28.5325
29.31518
32.49503
29.42849
28.83114
24.85275
32.24252
33.62577
24.98612
35.24319
27.80694
29.63078
28.31042
29.52653
30.87891
31.82761
34.5635
30.31167
33.14722
33.67757
28.57766
29.16274
28.31785
32.35646
31.51472
27.77872
32.54212
28.01477
31.24904
32.72472
32.27401
32.59064
25.41875
34.73898
26.48183
30.46534
21.5505
31.40326
32.3165
