20.92904
25.1379
20.24002
25.64294
17.3256
26.36483
22.96657
16.71893
25.94122
16.07563
22.62692
23.63446
22.57197
25.8774
22.69924
19.75363
21.63365
23.10165
23.04612
19.06289
21.30323
22.93311
25.44522
22.10822
21.79881
23.35748
25.67025
25.01312
23.79104
24.06656
24.41701
26.8906
19.37506
25.19436
24.97645
25.82927
23.03879
18.59908
22.6445
23.72042
23.28115
23.1302
22.77065
23.25779
25.73043
26.77608
17.83288
25.12372
21.23094
26.59385
21.37123
20.31529
21.37046
23.22415
24.46354
24.85447
25.22123
26.70748
21.7799
19.43789
19.88825
20.40236
20.92518
23.87289
24.30281
22.89468
20.64272
22.40411
22.57355
25.01706
22.1816
24.10252
21.09946
21.39394
20.87289
23.20616
23.51756
23.55597
26.45497
21.82777
27.12648
25.34538
22.49221
24.67358
26.40362
21.2553
23.2947
22.7104
22.97916
21.41
20.75012
20.78551
25.88761
19.00724
23.45834
22.51177
20.60442
23.67285
20.30649
21.06626
23.07429
23.07761
24.02077
21.01077
22.64017
26.51117
22.85499
21.605
19.03273
22.91572
20.22412
23.36644
25.12201
20.43968
25.30881
23.99706
23.63805
21.66356
25.27227
19.9925
24.87239
22.4481
22.52877
25.99144
19.44331
25.58699
24.86921
22.75983
18.01956
23.47728
24.81672
22.20033
19.60798
22.20675
23.92559
23.80655
26.52372
26.83988
21.41835
24.73086
24.88741
26.53164
23.92851
21.91146
19.61861
21.33949
23.84844
24.25207
18.52043
24.30167
25.93247
26.05137
20.1062
21.29371
25.11451
23.07086
26.97611
20.65001
18.68858
24.31529
24.35838
23.64171
26.27666
24.25154
26.57612
27.70976
24.38186
21.34904
22.2403
23.36112
21.2642
24.50476
23.78939
24.83673
20.18403
21.46178
24.28678
25.85288
22.4413
25.63795
22.40014
20.05826
22.48849
23.75454
20.30133
22.68289
23.129
21.91415
25.75531
24.10757
21.57584
22.57364
20.19966
22.94987
22.66581
25.37778
23.61292
23.99437
24.45291
22.30281
22.43919
23.63053
22.14326
20.92417
23.79295
21.41219
21.8402
19.07053
23.14455
23.26165
21.57857
27.02602
23.18879
21.53762
21.97245
22.44452
24.27453
19.95542
23.13472
25.34726
24.38276
23.64621
19.42893
25.32299
22.42366
23.81599
21.20976
20.14717
21.10151
24.02817
24.74007
23.77977
15.41012
24.33873
21.40328
23.72356
23.90251
23.80699
21.15046
24.48301
24.53226
25.04147
22.21219
26.56885
27.16994
24.99119
23.25894
23.7493
22.79367
19.16294
23.11242
21.88061
21.38944
25.66205
22.52091
28.17217
22.90521
19.2313
22.78348
22.34049
25.6635
26.39523
25.99153
23.89068
24.97087
24.42452
21.74987
24.82005
25.52149
24.34626
24.43463
27.01943
21.83212
22.76938
18.70647
23.71446
21.74082
26.18026
21.25679
23.36042
21.91419
23.54386
21.23009
21.70919
23.68235
26.39045
17.75219
24.03711
18.79323
19.201
22.83991
18.05481
25.52229
22.74248
19.1487
23.5727
20.52136
22.5143
25.88323
20.79679
26.11673
22.80667
23.55418
23.15044
24.79293
20.49092
25.41028
22.63849
20.43794
23.54539
20.53138
20.27796
23.55321
21.67856
21.63263
18.73414
23.02088
21.72383
24.98643
22.72009
22.71468
25.31632
22.73087
23.82158
23.93269
24.33127
21.26598
24.41955
23.54989
27.36584
16.97359
22.06618
22.32047
21.03354
23.02211
20.30213
23.02066
25.98133
23.32939
21.55622
24.44653
25.23675
20.38693
23.56477
24.66819
26.08602
26.67193
21.54025
25.59614
22.79756
20.85606
24.06297
27.0435
26.16405
24.79758
20.96346
23.43527
25.88563
20.22559
25.47682
21.42534
20.51088
27.03972
23.23062
22.27809
23.22629
23.95905
25.89347
23.34945
22.54619
19.76866
24.63904
20.19791
25.94007
23.71619
23.00469
23.28054
23.82345
23.0739
26.87369
18.49626
20.85636
21.23153
24.49637
25.59042
23.48139
20.46428
26.54491
20.73444
26.69052
22.87648
24.52474
23.2688
21.95745
20.49385
25.20377
19.3407
24.75909
20.49551
22.81145
21.70182
25.6055
26.93816
22.85555
22.44151
22.69736
22.61692
24.03189
26.57174
24.25098
25.13325
21.90514
21.86565
22.09716
24.02512
23.6151
20.60645
22.47927
21.84822
24.40394
25.34994
26.36478
20.86085
24.5661
25.49717
21.61892
19.74565
21.46594
27.03848
21.9063
23.6071
26.05049
15.08661
23.48878
26.35861
25.08465
22.85262
27.26669
24.44374
25.81451
25.5565
24.27342
23.83065
24.75175
22.21
22.94865
27.49746
20.26875
24.13189
20.29269
26.04143
25.8951
26.48077
24.50622
24.75068
17.90701
24.57274
24.06204
20.13284
23.8972
23.64041
16.96464
19.94655
26.0187
21.55739
24.21544
25.19894
22.04181
26.50226
22.48986
26.21241
26.88489
23.32319
26.96043
24.33134
22.45106
24.48391
26.00161
16.3096
23.54137
21.50896
24.65707
22.56825
26.6795
25.05566
18.89524
22.52106
21.53011
20.16194
23.43384
21.71284
22.16727
21.20051
26.49877
23.18929
25.24561
24.00037
22.87489
25.8506
21.21965
20.57847
21.36987
16.54243
24.26919
22.90044
21.56163
20.74999
25.5225
25.55993
17.40735
24.42438
25.62073
25.5129
17.14354
22.33931
25.3186
23.52212
24.57795
21.48516
22.83493
22.24141
24.54243
22.56804
23.466
20.58793
23.09015
26.97722
22.04624
19.63502
22.01245
25.12622
25.63576
21.24208
23.11245
24.04793
21.70927
23.4205
20.65249
24.79674
24.61086
19.36937
22.38273
26.36163
22.54576
23.85117
21.73766
22.70934
23.80698
25.85885
27.55054
22.4611
16.41853
21.45358
26.86954
24.02876
23.98563
26.21214
20.98667
24.47762
22.98969
22.55337
25.95611
26.1699
23.09999
24.07199
23.94174
17.16695
19.30864
20.86982
23.73891
26.35786
20.03766
24.86435
20.7961
24.95224
23.84705
19.73762
23.79798
22.89157
23.30099
21.85244
26.62713
23.0489
18.65994
22.07995
19.98913
17.88127
24.33374
24.13436
23.31429
23.8564
25.58094
22.51312
20.88365
26.60823
26.66952
16.84709
24.55158
26.78533
23.08519
25.98845
25.79982
23.70847
22.46291
17.09905
21.03202
25.1803
24.66628
25.24369
23.71132
20.40258
25.83717
22.58472
24.30627
24.58354
16.915
23.01227
24.25216
23.14615
25.25888
22.63151
22.46343
23.85743
24.12535
24.78291
24.06181
23.62413
20.46085
24.96453
21.0963
24.98608
20.27655
22.77121
24.92538
20.11286
24.34578
20.34785
26.56294
21.79912
23.90602
19.25396
23.48603
22.23832
21.82119
19.94252
25.92499
20.64796
21.34521
22.81246
23.33443
25.13416
21.27665
21.7613
22.22889
21.85536
24.92928
21.96498
21.98151
23.44029
20.64599
18.70581
25.75368
23.15577
26.23042
20.19674
22.79233
22.32288
20.95122
22.27445
24.04379
25.25655
23.89432
23.32488
18.85917
21.35921
20.72909
23.73742
21.77405
21.91896
25.8724
22.80343
23.66582
24.38677
22.03308
22.54225
25.65694
23.12097
22.41452
19.61125
22.36454
23.74376
23.81927
26.74271
24.63976
24.66865
21.8091
23.60902
22.24469
24.12736
22.20815
24.5013
25.50637
19.37775
21.51895
20.95813
25.06084
23.2015
22.6268
24.43028
22.91879
22.59262
25.7455
24.80478
21.82814
26.79225
23.64869
21.17138
24.4261
18.93
23.65185
22.94734
20.79307
25.37981
23.23217
25.55278
16.73609
24.65741
20.5433
21.0718
20.25208
22.68216
26.38353
26.00186
24.66796
24.97074
27.0518
24.21111
22.82975
20.23577
22.23559
18.50697
24.51591
21.96431
22.56426
26.19243
22.26495
21.40965
24.25852
23.78318
23.69592
23.62209
21.5159
22.71045
22.4131
24.236
25.65564
25.17668
17.82283
25.73719
25.66614
23.00854
18.82008
25.45743
23.33528
27.25052
20.11924
23.04036
24.65881
22.83186
22.06128
26.27059
20.12058
21.944
22.66239
20.10168
24.04995
23.79242
21.93506
23.37692
24.76383
23.42111
18.92718
23.20784
24.99951
24.10752
27.49491
22.71507
23.96765
17.37921
23.00125
19.76138
20.58719
21.78646
21.08772
19.67382
23.3511
24.40034
23.03856
25.16043
22.92295
20.51346
22.29494
24.41573
25.66525
24.46238
22.08826
22.25602
21.62507
23.83358
24.41384
21.52848
20.21323
25.75178
25.31573
21.20193
22.76211
21.85235
23.10013
22.81897
24.29281
25.38121
22.50426
23.92582
23.5978
26.37698
23.62103
19.33597
23.2656
21.24344
21.22885
21.75121
20.60494
23.37411
23.27975
24.88162
26.56767
23.69769
23.05591
26.13844
21.28671
25.60892
26.44952
23.13134
23.75175
20.9819
21.68093
16.30164
23.72099
21.52131
23.90928
24.36725
23.97516
23.15578
21.64298
18.07377
21.01242
25.19125
21.74536
24.69896
27.34884
19.61138
17.59474
25.89663
19.09174
18.81531
18.76973
22.33915
19.01347
26.36222
21.20228
21.98689
23.08537
21.98083
21.62376
17.49742
23.6318
24.31526
21.18655
24.28703
22.41251
22.36234
20.9231
24.39482
20.89881
25.74543
25.44891
20.73497
26.12364
23.2026
23.12334
21.54381
23.97859
21.17754
22.89089
27.37191
25.05883
22.2784
27.30083
23.27619
18.7488
23.8775
22.1971
24.03993
25.75739
27.25997
20.97836
25.21578
21.13247
22.94196
25.88621
23.14197
26.68015
26.09438
23.02524
22.84676
15.98915
26.77069
26.5397
23.38928
26.33369
26.36225
24.20331
22.42493
16.66318
18.86685
21.24561
20.28495
24.04
20.89836
26.20245
19.94615
21.91814
22.88687
26.18322
24.10899
26.24573
20.25785
23.27785
19.26049
21.9556
18.26971
20.82935
24.93424
23.19321
19.7149
22.36184
21.24404
27.40597
21.57391
22.55624
23.16507
26.75958
24.5217
27.06518
20.15849
20.68729
19.0043
22.79107
23.63837
27.10549
26.01481
22.58265
23.01143
25.19424
21.77839
24.35211
25.59225
26.3181
20.25657
22.58013
20.08449
26.40097
20.91482
24.14699
19.99893
23.38265
19.38179
21.38759
23.39024
21.89097
23.13028
19.95332
20.39851
20.0789
24.85679
22.09895
24.13858
22.34206
21.01905
19.60403
24.69433
24.19371
22.52674
25.44168
23.64884
24.49053
22.01778
23.8529
22.24359
24.47723
23.31645
23.13893
21.69146
19.06086
24.06517
20.09027
20.1585
23.37825
24.11834
26.1482
23.7408
21.19918
18.95189
22.34863
19.98589
23.77688
21.99653
21.67727
21.18198
23.05946
22.91902
20.67206
23.75902
22.10219
24.36484
23.18082
18.21089
21.27333
23.77042
20.48258
25.26414
22.73607
22.80775
20.97366
24.58483
25.3321
24.63051
18.37369
22.33302
22.81121
21.83958
23.47846
20.66513
20.73406
24.31142
23.03573
23.93628
22.36009
23.14997
23.05713
23.68904
22.44336
24.13948
25.82087
23.26508
16.57879
22.29415
25.51892
26.91705
25.95419
23.0641
25.43991
21.36106
21.80814
25.33756
18.0238
22.77057
22.22802
21.71868
18.47783
21.37542
23.07777
24.07768
24.6335
22.76265
22.17257
24.29462
21.06926
22.03445
22.50128
25.19498
23.39034
24.20302
23.6913
20.106
20.79726
16.53049
25.56755
19.30419
22.18153
20.60569
22.95604
24.63724
23.4613
22.54516
20.00097
23.43763
20.96213
24.44694
23.22756
23.09538
22.86312
24.38641
23.14805
20.50253
23.57476
26.71298
26.38837
22.84837
25.68911
25.33448
16.14765
22.1593
20.92389
24.80651
16.80037
22.66173
22.64112
23.43951
25.86741
21.74293
20.3222
22.75621
22.66144
18.46575
26.43003
27.06032
26.83622
25.42258
22.46534
21.64828
21.2493
24.31168
22.20853
22.83334
19.8293
22.77501
23.54519
24.82526
22.69746
20.97844
23.4714
20.41025
21.7491
20.85983
24.80128
22.59139
24.84761
26.54903
23.13883
23.95502
22.33732
23.83852
20.99922
21.78148
27.44139
17.00481
25.87094
21.6626
22.64794
24.65224
19.64312
19.24063
25.21277
26.79996
19.33461
22.46816
21.96047
23.92188
22.75371
21.17737
25.58898
24.14508
21.35273
21.91938
26.7978
18.48903
21.39762
25.9686
23.01209
22.02468
22.19979
23.9479
18.70799
25.6875
22.05555
21.96082
25.56387
21.76515
24.9201
24.44859
21.79639
25.3931
20.79629
25.47963
23.60976
20.63597
19.8268
26.10313
23.40483
24.96725
20.47207
22.90077
23.48567
19.00204
24.50358
22.46146
21.44406
18.29077
22.73983
20.00106
24.53343
24.15182
25.87413
23.42413
23.84331
22.35142
22.39335
21.19557
22.87944
19.91144
22.07932
26.65515
19.98656
17.74283
21.42074
22.48592
22.68823
22.69107
23.60846
26.14809
20.47911
17.89086
25.15531
23.61407
22.85857
27.1787
22.63424
23.03964
18.94209
25.54355
26.30728
22.13155
20.38915
21.14463
19.84564
23.47931
24.49958
26.18216
21.16419
25.91401
23.44497
23.12609
21.50014
21.31129
22.77455
22.57258
20.82078
23.09087
25.35485
23.65262
25.09595
19.67921
26.22586
20.08496
23.86329
23.72821
26.63711
23.55311
20.82155
21.57575
19.05005
23.47996
22.56772
25.25092
20.87007
23.98783
20.85267
22.96061
22.39049
22.00188
26.48422
23.30596
21.3023
21.25034
23.38451
26.43079
22.36554
22.29425
26.67371
25.21808
22.27303
17.72993
17.84769
20.21239
26.15473
23.85687
22.19505
23.35976
25.3611
21.08007
25.85923
26.43619
26.78271
23.79363
20.62866
23.99319
21.42558
26.61582
26.97302
21.36437
18.91401
24.34669
23.01248
20.965
21.85108
22.61487
22.49792
23.75174
21.2252
22.9837
21.11028
20.99789
23.54314
19.54787
22.82344
26.52183
25.41613
19.8574
22.56211
21.42079
25.0497
23.91269
23.11136
19.58422
23.68276
25.22676
21.96402
23.59652
18.8569
22.88949
19.38969
22.6
24.74114
23.91218
25.31539
25.57131
23.30182
21.49213
24.20732
23.06408
23.46626
22.63874
22.34671
21.68507
24.34138
26.5389
22.58853
21.98307
27.11162
18.97671
23.33972
21.04072
21.30074
22.62852
20.84228
23.72597
23.4821
24.66385
21.36568
24.02522
23.29763
26.12547
18.62923
24.00539
24.25303
23.3956
21.69186
22.13497
23.58914
16.76133
25.43971
24.94715
22.3749
19.19335
25.42008
23.04659
24.01214
21.87788
23.68767
26.48059
22.27439
25.86274
22.77459
23.57393
23.37742
21.34091
22.2132
21.87524
19.84042
22.81009
24.0774
22.76903
22.3443
23.58844
22.97405
19.26173
18.22847
16.40674
22.84245
26.22301
24.51824
22.11713
23.02692
23.5341
24.21692
17.94964
23.32334
23.13662
26.83768
23.32174
20.47271
22.89502
23.35535
20.0063
24.51029
20.93043
21.8401
24.40507
20.86895
26.78496
25.03301
23.36361
25.13648
24.03799
26.5
24.49282
21.81476
23.39738
23.91725
25.03941
20.67181
21.0203
23.25186
23.5472
17.26526
22.52938
23.34095
26.14472
18.05702
27.87665
23.34761
25.61279
16.99537
23.54696
24.81358
23.55179
20.19863
23.61394
22.07552
24.38391
20.16103
24.26966
20.45793
22.2743
18.70825
23.78995
24.01984
21.24235
24.44244
21.34766
20.26134
23.41117
25.65128
26.31188
25.12173
21.3588
19.29111
23.08346
24.00574
23.17541
22.70852
20.00683
21.96139
18.28679
23.07869
25.38181
21.68485
25.12368
23.40203
22.92332
22.12594
25.53066
23.73332
24.1355
22.4416
22.13214
19.72357
23.7993
23.01708
23.5144
23.85532
23.97054
22.95482
25.10117
21.02834
20.40635
23.15613
25.58348
23.44854
21.36994
18.5581
21.09476
22.6396
24.92905
21.80862
21.31541
22.99102
22.62633
22.51214
25.42628
25.33702
24.07465
21.90062
21.28332
21.62847
24.83773
20.8147
20.86398
26.25023
24.51494
24.46498
21.6756
23.77718
24.81855
20.54917
22.77934
24.67203
18.25827
21.03632
23.31446
22.63771
22.88969
18.80458
21.51463
22.40187
20.61634
23.65805
20.60495
21.77392
22.84952
18.8343
23.24882
21.0028
22.23944
22.13792
25.18351
24.24886
17.5603
24.82487
26.23654
20.40118
23.72996
23.40959
25.75757
21.383
25.30235
25.88709
22.3213
23.82266
16.65946
23.75594
23.67113
24.20364
22.10991
25.44355
24.26384
19.10755
24.76379
22.42596
21.09233
25.79702
23.37323
20.97343
23.3969
20.59772
24.25234
25.363
25.35863
19.83234
23.39496
16.85587
24.09292
23.49531
20.64615
21.09501
26.84662
21.46891
22.12072
25.85397
22.50887
21.87599
22.17042
21.11793
20.73205
24.1495
19.77763
21.87536
17.21368
21.69236
24.23869
25.22514
23.7628
20.00049
22.24302
18.35371
24.60412
23.25177
24.83492
21.83187
18.41949
27.00879
22.83009
23.29392
21.85233
18.16395
22.21211
16.87863
21.46963
26.03127
23.05428
20.51986
23.32379
19.77372
21.25831
25.97701
23.08675
21.90913
22.12788
15.92299
25.55231
24.39543
21.05831
25.40455
25.57356
24.26744
23.70133
22.57388
24.06394
21.10975
21.67658
21.86363
24.77545
22.49226
19.84127
23.1837
22.76909
25.91601
24.59674
23.38015
23.22097
20.74863
21.81372
21.99128
26.47227
23.83296
23.99793
22.70519
23.58358
26.3546
24.55055
24.28473
22.11972
17.34958
22.29673
19.97547
24.83279
26.45523
24.39888
23.38195
26.02651
23.47042
21.99724
25.57383
24.10265
25.65736
20.76968
22.51735
26.59705
23.41254
25.52967
20.85037
22.53236
20.0575
20.23881
24.39307
25.31597
24.53898
22.99785
22.34077
23.64068
21.05539
23.12951
17.77277
20.39101
19.80004
23.77592
23.12143
25.03307
22.28278
23.59113
21.29261
24.47707
21.09833
23.51064
24.97503
22.51028
23.9727
20.542
19.04297
20.61101
22.72081
25.20377
20.96022
21.50571
18.42494
23.95337
20.02695
23.18012
24.13511
20.9269
22.31298
22.6365
24.00789
19.88925
20.99522
22.56893
24.26368
22.914
22.59469
17.74529
23.46349
21.39127
22.30983
20.31552
21.96856
23.44518
26.90465
26.4276
19.57904
16.06739
24.47607
23.64372
22.64768
23.99731
23.67784
23.04139
18.9669
22.50187
25.11331
20.10486
25.34552
22.37295
23.9917
25.49064
26.03966
25.67242
21.89777
23.15682
23.70666
24.19387
25.98343
20.89193
23.17573
21.42946
25.39545
21.50818
22.79965
20.85691
18.63512
23.30071
25.40786
23.19509
25.67983
25.77982
22.86092
23.52577
21.03601
18.86861
24.68312
26.45666
25.84174
23.04701
20.42611
22.44541
23.89056
23.58177
25.10763
24.87246
26.49664
20.71967
22.78505
24.61227
23.84894
20.76167
23.03828
22.4956
26.25829
23.27398
23.84533
23.89636
22.93409
20.70351
24.90141
19.27906
20.97337
24.52106
24.22243
20.93409
26.11382
25.14674
23.50318
24.76218
20.45338
24.42804
22.74119
21.82409
21.24557
25.61501
19.70206
22.87143
25.47899
19.72511
23.09619
19.48834
24.99967
19.15701
20.9398
20.23498
19.99132
25.24819
20.65032
22.04945
19.81211
25.82923
26.24826
21.8358
22.98584
23.55826
20.62155
25.84449
19.83008
24.91004
26.23913
23.6935
21.24947
23.08108
25.63352
22.92447
24.8265
20.17105
21.23928
22.05303
21.91349
23.68723
19.22142
20.74768
24.24862
21.83318
24.64375
22.86789
18.63324
19.84757
22.61138
21.41423
18.36065
25.87632
25.96076
21.67163
24.46823
23.39315
24.10221
20.21112
24.42396
22.40994
24.09864
23.93416
24.31812
21.66803
23.02168
16.85568
21.58726
24.11973
19.30891
16.2922
22.75096
22.3668
19.82364
25.14078
24.68127
23.54966
22.637
25.30946
25.607
22.29226
23.39529
22.20067
26.67185
22.97337
25.3055
26.49181
20.23088
20.73024
16.14428
22.26018
25.54432
21.33323
19.31116
24.62952
24.20064
25.77602
20.98958
20.20457
19.81678
27.04093
20.45026
22.08852
20.1899
23.18342
25.0904
22.9925
24.63504
24.71071
22.8644
25.3796
22.09475
23.02036
20.33063
26.3498
25.19608
19.72333
20.6879
22.40002
21.7179
20.93806
21.56077
24.46358
23.0881
20.05585
25.22718
26.68275
25.56158
23.89545
19.94907
23.98964
20.00328
20.6558
19.72949
22.16867
26.51725
23.47363
20.59386
21.07088
24.83798
25.80254
21.07986
22.78067
20.27666
24.51525
23.97971
20.89879
23.88609
25.96035
21.46906
22.07014
22.5132
24.59353
22.31836
20.4832
20.59403
24.94809
25.87532
23.61668
20.943
25.61703
22.0781
24.22719
22.94049
20.79442
24.58699
23.10126
23.93582
22.71381
21.69782
22.13724
20.35838
20.65702
23.30075
20.83358
25.50441
24.21569
20.29377
24.90381
22.36835
21.54889
22.52949
22.35739
20.72434
24.35211
24.34463
24.57637
24.7423
23.7893
24.96921
21.58441
17.70264
24.97769
22.53019
22.36859
24.9464
26.14111
24.03427
21.05549
25.84314
20.36511
25.59948
23.42874
22.14858
22.21246
26.28348
23.52205
24.68088
21.94811
18.83704
19.03913
23.8519
19.34468
21.46597
18.49517
21.1409
20.18188
21.52405
24.51439
21.50554
24.20907
24.21934
25.4876
23.12363
25.21902
20.59302
26.42814
21.16665
26.86646
17.4212
22.69814
21.70432
22.1666
25.16295
19.84079
24.09331
26.119
21.59362
23.11999
22.60921
24.45142
26.25895
22.77652
23.9703
22.83301
22.56025
25.11923
23.53891
22.86862
23.58887
20.3771
23.79517
19.11738
16.51699
21.86133
25.24061
24.6399
23.64952
21.7141
21.41239
21.97664
19.16695
25.52898
24.47551
17.56618
25.24666
19.17168
23.13319
24.4473
26.22414
22.57729
25.56983
22.59046
25.18937
20.40169
18.20743
25.67285
26.96958
21.07921
25.73989
21.59192
22.46065
20.53755
24.38915
23.83666
16.72321
22.41328
24.62754
19.43597
26.42096
22.29725
20.98967
21.77259
20.72547
26.25554
26.02793
25.02734
25.69786
20.68191
17.69034
23.71458
22.22225
22.71367
17.28677
20.02841
20.06197
20.78285
23.13504
21.94264
23.33662
24.05603
21.90567
23.66733
16.67244
26.80871
24.47809
20.95575
24.87025
21.3746
24.58509
21.92003
23.8878
23.25519
24.04045
23.36084
24.71019
23.05918
22.7369
25.10015
22.07219
22.06251
23.25713
23.07944
25.34936
25.08174
19.49775
24.37194
24.49977
25.49482
25.02501
18.99191
22.29638
24.06094
23.58963
17.92757
23.23587
25.5947
24.83858
26.28854
23.89237
21.22402
19.35225
24.89364
21.99178
21.75362
23.92275
21.75236
23.67077
26.64313
25.60829
22.21226
23.08299
21.93725
24.91792
22.76136
24.30967
23.18852
24.97058
24.68681
21.77478
21.87276
21.43403
24.21801
22.20638
25.15884
22.52585
24.50668
22.79644
26.33975
26.22803
23.97987
24.8673
20.18614
22.15922
20.83789
20.70561
20.55413
23.07075
24.7963
26.03953
24.15142
24.23284
24.11824
20.34641
24.11297
26.11957
24.04087
22.55078
21.41352
20.73653
23.56937
24.16821
25.91633
20.48212
24.19582
26.19903
21.57745
23.15427
21.34641
22.38447
20.11285
22.11166
24.21421
18.69951
25.47523
20.52843
20.97911
23.20738
24.48722
23.45243
22.18682
24.58694
23.73894
24.77483
24.66222
19.84293
20.50984
20.78765
22.5379
24.5148
21.93877
18.38239
24.30646
24.61035
19.25585
24.49245
22.68678
25.18631
23.54674
22.0404
22.67335
23.83977
26.07137
21.07587
21.2487
24.11023
25.54023
25.85559
22.34871
26.15457
24.62461
21.90044
20.96097
22.1454
26.12084
23.40687
25.77403
22.86684
20.4692
22.77828
22.3588
23.5955
21.99833
23.84133
24.18894
24.12752
24.04641
22.85419
25.41517
23.08283
25.69601
25.84639
20.54492
26.91132
17.80467
20.53717
18.85672
20.71621
19.64747
23.86036
20.4937
23.77433
24.24602
26.54396
27.14841
22.94552
21.76278
22.30578
26.25059
23.08119
23.82334
21.18413
24.16377
22.72679
23.87667
17.0547
20.64756
24.8265
20.7679
24.5092
23.62284
26.00077
22.03024
22.89131
25.42446
21.10484
24.41759
24.8602
21.85922
26.25995
27.03847
23.57673
23.11715
21.37458
23.44109
19.55458
23.34729
21.91263
22.75575
22.41102
21.06198
24.71277
24.13859
25.17804
24.50971
23.20677
22.39634
25.77038
26.71584
20.70908
22.40824
20.19412
19.65627
25.88103
16.73824
18.28048
21.24963
25.44954
23.9128
24.82557
23.43982
21.1513
26.56724
24.15215
20.21151
22.46245
18.95681
21.97885
23.68912
24.30254
23.26635
17.62271
22.5394
22.55677
23.37186
20.77156
26.16289
21.18376
25.85655
21.30733
22.45241
20.88141
20.42497
23.27924
16.90941
22.0035
22.89968
23.97444
22.8465
23.30481
25.8804
20.4129
23.27099
21.81151
22.22642
23.35264
24.8757
18.71972
20.18424
24.8984
23.98166
21.59003
24.70975
23.44067
22.97094
25.88233
25.22808
20.57161
23.32124
24.97477
20.2342
26.21854
23.14148
24.60867
22.34346
25.43506
21.24853
26.55752
22.45933
23.69013
24.44986
23.98562
23.35833
21.70072
22.99648
21.86806
26.455
26.19589
19.78286
20.00882
22.13429
18.47594
21.17119
22.68806
23.90248
16.95542
21.79002
24.60601
26.10426
22.13896
19.92624
20.49829
22.26614
24.26224
24.08944
23.25537
25.80681
21.87275
20.07059
22.27044
25.85961
23.97412
22.83945
21.90967
26.89123
24.43928
22.75572
20.75274
21.17775
19.20872
25.39193
20.84727
24.62696
20.75732
22.08654
19.86148
25.89378
17.42436
23.43544
23.21017
16.90265
24.5136
19.22925
23.37208
23.56915
24.07302
26.72895
24.89016
22.43356
26.56897
19.72888
24.37096
24.12918
23.00662
22.17491
20.66107
22.54201
20.40168
21.82094
22.35824
24.57153
26.1532
26.51486
25.51543
25.39982
21.8863
23.3408
21.60414
24.12195
23.34202
20.61346
26.09443
23.58744
24.22279
22.9072
25.61878
18.08704
21.16695
21.967
21.03156
23.7636
24.25587
23.70726
17.89953
24.54228
21.80423
26.14296
24.20917
20.69544
25.96684
25.10833
25.11756
21.20419
23.73066
17.24568
21.7902
25.53872
25.08023
22.91459
18.70778
21.38079
22.37646
26.13326
25.22093
24.05948
24.26868
19.83095
24.4869
19.24621
17.74754
24.20229
23.48484
22.79908
24.24462
20.36221
19.66025
20.16678
23.67139
22.28598
24.9749
20.36056
21.06147
25.75944
18.54155
22.61651
18.67859
26.50759
26.57792
24.39956
25.40323
22.71598
20.97488
21.52678
22.68278
22.91649
25.18724
23.75788
24.33139
22.04034
24.90407
24.29847
25.3889
23.10326
23.54764
21.96231
20.60646
20.15058
27.36292
24.25286
23.80297
23.70776
22.92822
24.27804
21.21616
24.46562
23.8575
24.60846
22.05556
25.16341
21.7137
25.28939
26.15279
21.66952
25.56345
23.75672
25.3589
24.7644
21.20147
22.41889
24.57874
24.38325
23.99577
24.65005
26.54565
26.34206
19.84399
26.15998
22.70959
23.88209
26.2382
23.73361
25.46322
25.6913
19.51286
26.25154
26.12924
20.42257
25.28017
24.00794
20.20472
22.84515
22.45211
22.43784
16.50828
24.72263
25.32877
25.15682
21.52018
23.38532
24.75034
26.43019
25.85954
22.15441
16.91427
24.56813
25.07461
18.9098
22.6085
24.22251
23.01703
22.75732
23.13634
25.1313
23.86181
24.01565
20.76368
23.22763
20.16642
20.57461
24.22894
23.06722
23.31699
24.50169
26.25379
23.37359
22.81655
26.31499
22.58759
24.41959
23.99057
25.45908
24.70681
22.28606
25.22121
23.61878
24.45819
25.8015
22.39319
21.64625
19.02434
22.86097
22.05781
23.51359
24.2118
18.23648
21.76262
24.66688
24.57827
24.36927
23.59572
24.37522
24.77048
23.71943
19.75325
24.00543
23.1381
20.27887
22.03715
25.75693
20.76866
25.05846
22.47439
23.48019
19.89981
27.15155
23.81176
20.80145
23.53717
25.69524
25.32957
25.3831
23.09153
20.14424
25.41781
25.21933
21.59539
25.10374
22.85605
26.34537
24.06885
22.42425
22.4209
19.76019
23.93517
21.59741
25.69082
22.77437
24.34517
24.1956
26.27763
21.9758
24.39555
21.35511
21.73851
16.96924
18.82898
21.55071
19.60397
23.40901
24.24068
26.26174
23.54519
24.1364
19.0365
20.59808
21.19857
24.33333
24.47345
25.57173
26.7348
22.03938
23.73488
23.84264
24.32473
20.16981
21.32909
21.46581
24.75027
25.32232
18.05353
26.12818
24.99584
24.52729
26.75465
21.96491
24.20362
19.54076
23.00837
23.78076
19.04315
22.8644
22.60818
22.09541
25.70605
21.61301
24.01536
24.44538
23.31433
22.44515
23.08531
24.913
20.87535
24.35846
22.77894
17.10422
25.15386
25.23693
25.834
20.01144
17.32744
23.14013
25.3835
21.22069
21.46501
19.95385
16.83698
21.45803
24.43055
16.28635
19.23129
24.51625
19.94704
23.6505
22.77032
21.2409
25.62091
26.34057
25.61662
25.66299
20.99859
20.42041
25.46412
22.64891
26.73271
23.48007
22.42859
19.16482
25.60168
22.36413
25.03598
26.43078
18.73595
23.19314
22.9033
23.34899
24.7841
22.94411
21.51706
23.18596
22.73725
24.18936
26.22369
21.27167
25.02071
24.85426
25.11202
20.16701
22.12314
20.6767
19.42512
23.94346
20.09045
22.46634
18.4145
20.39189
21.85818
21.14468
21.99996
21.96042
23.60464
25.89556
19.39283
22.3153
20.38142
24.57878
26.62539
20.74885
23.93322
22.47197
24.68692
23.98368
23.71079
26.73741
22.55802
19.19081
23.40146
24.96794
25.04924
26.71463
25.01919
23.75679
21.89905
26.44265
24.44661
22.69781
21.68845
22.74836
22.37715
22.41694
22.99112
24.53004
19.37326
19.13082
21.9873
20.22938
22.41851
20.69586
23.92069
21.46043
22.34289
24.84685
24.32539
21.59668
23.43779
18.17058
24.12299
23.23765
24.59927
24.0463
22.18878
23.32779
21.65806
22.44862
24.76694
23.73525
17.23911
20.891
21.78362
21.2898
24.59133
21.33474
23.72058
23.35471
21.1601
20.91845
24.86855
26.44055
23.20753
20.38257
22.78112
24.49561
23.13865
22.8423
23.69205
19.45568
22.37549
22.34059
25.13024
21.16296
22.22248
22.17809
24.67239
26.79646
20.7095
22.25138
26.15568
23.12669
24.37153
25.43602
21.57528
25.279
23.57465
23.76366
23.47932
22.45854
26.0859
23.00093
20.5294
20.62344
24.984
24.48156
22.87881
25.19686
20.21822
23.83458
22.89749
21.85512
18.44475
24.92037
21.02406
19.4957
24.70038
19.17568
19.71777
21.56257
24.77281
23.58588
20.50788
26.4224
25.57479
22.53125
26.12288
20.77326
21.23172
25.05087
23.9738
20.86031
22.36975
25.19722
22.97519
24.39084
24.63744
25.91232
22.30332
21.61255
26.25084
24.2163
24.6891
18.32161
24.24322
24.82851
25.81841
23.40936
23.28817
23.15872
19.69701
25.38763
17.29354
24.30523
22.61993
18.04495
23.2122
25.41097
21.78158
25.6284
21.78154
26.50167
25.04973
20.39096
24.60662
24.0194
17.08147
24.54553
21.96414
22.85258
23.03743
22.95559
24.29629
23.5182
24.73947
24.72675
20.84098
22.11388
17.65259
25.44052
21.73322
24.70532
19.55116
25.37534
22.57283
24.8642
24.48426
24.27866
17.80439
19.55934
22.369
24.0993
25.8124
23.50071
22.84799
17.78497
19.8704
21.07122
21.5814
25.15455
22.91032
25.01847
24.66009
21.07849
23.56396
25.4702
26.5331
19.41557
23.6923
26.38383
18.72586
23.91142
25.67784
18.62346
25.66615
25.88354
22.23441
25.21395
23.87654
23.64119
25.41674
22.97059
25.59549
22.9537
23.8225
25.61387
21.58113
22.99476
21.12678
20.78903
22.13388
23.42569
20.32636
25.15107
21.39289
25.89352
25.51998
19.32982
23.89614
26.41778
23.1699
22.31506
24.22335
22.1742
26.49619
25.97381
18.87873
25.59199
19.77661
22.41472
24.523
24.56097
24.54333
26.59713
24.1772
20.46244
24.22047
25.42865
21.78302
16.72347
20.78536
20.62223
19.8041
26.1041
24.34391
21.60748
22.55766
23.862
23.18331
24.81865
27.15088
19.61389
26.83913
26.37492
24.0125
25.18448
21.12053
23.46015
24.30222
19.55588
20.35029
22.89213
22.64887
22.41492
25.99292
18.89066
22.60975
20.20401
19.69686
22.72519
25.61734
26.16336
23.07732
25.18851
25.09695
25.96771
21.01051
25.34824
26.54977
21.73184
22.49286
26.81482
18.03177
23.87844
24.80153
22.89668
19.922
20.92732
22.46148
26.95825
22.1752
22.25818
16.26052
25.71726
20.74877
20.81694
24.29762
24.87735
23.18372
23.53694
24.97253
24.94061
24.35266
19.22592
21.85907
24.85562
23.84171
22.05682
20.16234
24.68504
24.21745
20.764
22.85762
22.72955
20.25911
24.3358
23.57632
25.82319
26.51418
22.47154
23.30589
18.8141
26.2577
25.35894
26.79855
24.86687
22.62864
24.77848
24.05885
21.73073
22.50621
24.81058
21.49648
16.48138
24.21041
24.65746
26.46785
21.49916
23.84273
24.47619
26.31241
21.71875
25.7682
24.45883
23.5981
24.63649
21.37943
26.33942
25.85151
20.15761
26.65852
24.45248
22.26366
25.14811
23.03622
20.75494
25.01513
23.55905
21.51525
22.73973
23.285
25.06095
20.89615
23.39177
23.08132
22.99204
25.66251
16.99404
22.87938
22.45332
22.16061
20.66973
26.55529
23.17165
18.99104
26.26907
22.95728
19.89818
24.53624
22.24576
25.59778
16.32256
22.84558
20.9167
24.73381
26.41307
25.20912
18.46479
24.14137
17.34009
22.80456
23.9562
22.57041
25.63111
24.32071
23.22512
24.77912
24.60474
23.48265
26.54661
22.32226
24.08874
24.83441
23.3407
27.07258
21.5836
24.5092
23.97316
19.79671
26.86141
23.86071
25.22635
18.36531
25.76758
25.31265
22.00978
19.25945
24.37371
19.15267
21.93334
23.94296
22.80365
22.89173
25.60941
25.33276
24.28446
23.92219
24.55959
17.03679
23.38524
21.31605
17.3213
21.00588
24.1359
23.63651
24.09255
23.09783
21.00491
19.73378
24.81353
19.93037
23.67636
26.73153
24.67833
21.24194
21.21818
24.77542
26.00516
26.53711
24.64937
20.46697
22.57805
23.1909
24.74944
23.29059
23.75841
24.72668
22.70678
18.63422
25.56348
20.68331
23.52215
19.44348
23.55474
22.4146
25.36741
24.01495
26.69244
24.73336
22.25682
19.02075
23.44694
23.20917
26.9484
22.64394
20.86959
24.30115
24.44515
21.78721
23.13747
21.33424
23.06336
20.13868
22.56598
21.13004
22.20231
21.94436
17.70908
22.35607
21.11329
21.96638
25.52867
26.53041
25.77428
24.76772
22.60046
22.05778
26.33329
23.76192
23.39945
23.52328
26.72786
21.24189
21.23273
21.86015
21.22669
26.03419
20.68954
21.66116
23.0107
21.59117
22.82909
20.65738
23.41277
23.09143
24.92473
19.34092
25.28267
23.60347
22.72419
23.91751
24.51403
22.66458
24.94159
22.73055
21.91688
25.26798
23.13618
19.47412
20.92585
24.31429
22.43409
22.73881
20.72234
18.91779
21.50178
24.15467
23.77969
22.58101
21.85381
20.2006
22.40517
23.89896
20.05936
22.53924
23.39792
22.58971
20.17246
25.42994
19.39139
23.28625
23.91457
23.85331
22.99142
20.53248
23.81922
24.16395
26.40279
20.63339
24.12241
26.23448
23.94746
23.02513
22.80737
24.53549
24.3936
25.63649
19.13338
21.58097
20.43269
24.80341
23.90271
23.01955
23.82028
21.72221
26.1422
20.32572
22.11188
20.06012
22.48952
20.40644
18.90072
24.39182
23.68218
22.92948
24.3045
25.72194
23.86705
22.01828
18.62526
25.97593
23.24153
26.63226
18.57562
20.3174
23.90054
21.66989
22.65638
25.91304
22.00347
19.5882
21.10972
20.82573
24.13953
26.04963
21.38051
25.82375
24.98381
21.32537
24.71349
24.94118
24.60116
24.74278
25.17504
25.97362
24.8397
27.08052
21.86529
22.23946
22.37388
19.42394
21.99381
20.42988
24.39909
27.1011
24.52484
21.10626
23.10242
22.5458
21.8276
23.24645
24.3652
25.41688
23.39006
22.65633
21.85452
17.16361
23.96441
24.15566
23.01198
23.37625
26.03811
21.72602
24.31696
21.25314
22.01028
25.06487
25.1581
21.27219
18.01408
23.13778
21.82357
16.64139
19.62771
25.0764
22.67043
22.808
24.6127
21.07917
22.81506
25.57882
23.78382
21.57892
22.1916
19.87641
21.0272
25.473
25.05244
24.47098
26.25532
27.10925
24.71863
21.13232
25.159
24.16044
22.2294
23.1366
21.82659
20.16651
22.04195
26.66247
22.45848
25.95364
25.15654
20.23924
25.15743
21.78178
22.36368
24.86106
22.70029
26.77982
23.73115
26.37134
23.39981
24.25493
24.98217
22.44754
19.15278
20.22264
23.85993
20.85433
24.68149
24.45355
20.34537
19.59548
23.39917
22.5777
23.31151
22.96329
22.96491
20.49248
24.05369
24.2983
20.65304
21.85076
24.03242
22.64147
22.78054
22.39987
22.76441
20.35117
24.64936
24.00724
26.90455
24.88637
22.90323
26.34261
24.95756
25.51808
21.09372
20.47927
18.40888
25.66956
21.99173
21.90572
26.08912
23.61342
20.04287
23.23525
22.81029
24.98106
21.87617
20.07698
24.56113
24.8784
25.04406
23.21368
19.80902
23.54095
24.24135
25.32097
23.51225
19.62516
23.21747
24.27445
20.74585
19.43117
18.5867
19.90674
27.42114
20.17493
24.76483
23.1668
25.36991
21.27511
20.8954
22.88102
23.04227
20.48217
23.33734
19.25315
23.00892
23.05515
20.9494
21.17245
22.51815
24.6768
23.4517
20.36792
20.47027
18.0835
25.92128
23.57306
22.75395
24.70982
26.53886
17.98277
22.36426
19.32217
24.33205
24.60309
22.52271
23.88577
16.22734
19.83249
22.95647
20.78231
23.37934
22.64883
24.75006
23.07839
22.71723
21.15441
23.05364
26.83667
23.44022
25.70316
25.98075
18.02873
26.41084
22.80113
22.23787
22.05258
21.4027
25.6299
22.50905
24.39436
23.48138
26.15644
25.41896
20.4988
21.2179
23.30747
22.62491
20.24835
22.93088
23.6781
26.47433
23.54558
21.56093
24.54113
22.26159
24.56789
25.08513
24.22866
23.23139
24.84352
21.86786
19.5753
22.02208
19.18071
23.18272
24.11492
19.47203
24.51569
26.57272
19.54338
24.2355
26.34321
24.06538
20.68417
19.87338
23.44996
20.29828
22.64283
25.553
23.03152
26.07371
23.98413
19.4873
24.87966
24.21926
24.66701
23.06815
23.95718
22.79517
19.60505
25.03719
26.62731
22.41121
22.59629
23.88169
23.14686
21.30004
19.66817
21.84795
20.45039
22.40007
23.70517
23.94649
24.03266
26.14018
24.98161
26.95908
26.5739
21.78396
24.04405
22.6437
25.56752
25.75248
26.47206
22.73493
23.36288
23.38109
22.61269
22.98626
22.53378
23.10336
25.97066
22.02305
24.15336
25.79762
22.06879
26.44058
18.16852
20.17661
22.89819
23.36345
23.87567
26.30891
24.0688
26.65621
24.24069
23.36419
26.43783
19.70432
26.9683
19.07333
16.1948
26.28753
18.79586
22.38744
25.50729
23.42079
22.15724
24.74142
19.71714
27.31359
26.74108
21.38602
25.64132
23.54071
23.9608
22.43132
24.90412
24.02928
22.47279
24.4352
24.20314
19.53989
25.76848
25.14995
26.45425
20.10484
26.62448
19.36254
23.12138
26.1532
24.14047
22.39062
17.21922
24.95055
22.96399
23.33419
24.09281
25.9868
15.92239
24.4929
25.62973
25.0975
24.16796
20.44294
23.83755
21.69411
18.58873
22.49342
19.9712
19.4665
22.95182
26.10928
26.73682
21.54804
23.15248
22.38744
23.7171
18.50573
23.32
24.22275
26.17714
23.94388
17.72947
21.28144
20.97042
24.76336
25.47832
22.25855
25.08176
18.95255
25.49709
21.18526
23.38395
19.1605
21.224
21.16668
25.8255
25.108
23.58572
23.00507
23.66265
25.41157
21.74678
23.67849
24.23597
20.88126
20.30725
20.51111
24.22943
25.6202
24.85077
27.25727
23.9246
24.23895
25.05907
25.05146
22.70347
24.1754
21.47077
18.66612
23.64627
23.22796
25.20719
25.59771
20.87408
21.61383
22.13137
19.92756
25.10079
24.50726
22.46596
21.59782
21.9808
20.88911
23.90146
25.75503
22.22759
22.58392
23.2687
24.03831
25.17965
20.55339
23.04203
21.25656
23.40585
23.71824
24.62304
22.77221
26.37766
23.99608
16.13651
15.26444
20.87552
24.87222
26.37861
16.93827
21.25566
24.32739
21.95849
23.04351
22.99242
24.08132
20.94783
22.15667
26.39678
20.89893
25.51076
26.63144
18.32943
22.20524
17.64571
22.62446
21.34547
16.49025
18.35979
20.66172
22.83555
23.34808
24.12232
21.40845
26.33357
22.23746
22.17996
22.10146
24.2813
22.95258
24.68415
22.15864
22.28198
26.83713
23.6913
26.05603
21.80732
19.61482
18.79158
20.34362
21.5713
21.14495
26.8173
21.07119
24.74937
22.975
23.36919
26.30352
23.21491
26.3709
19.90676
21.07725
17.40324
26.16582
23.57242
21.98669
21.25392
25.06489
23.42774
22.78554
25.49279
18.30598
25.01648
22.54171
24.3061
22.95192
21.35789
22.13351
23.16861
25.17092
22.26734
20.98518
21.2331
23.24209
24.11766
23.94309
26.95658
25.19398
23.59343
18.34207
19.98378
18.0644
26.34654
17.16796
25.48739
21.84863
23.63165
25.89797
16.78987
26.14715
26.21141
20.15184
21.2336
23.68442
20.92046
23.78305
23.07658
20.9373
25.96484
25.30038
20.29779
23.54491
24.07865
24.57616
21.53891
22.86803
22.64347
25.76457
25.38119
24.10237
23.34969
25.67345
20.64364
22.48526
23.09214
17.55491
22.543
24.69193
22.07818
20.96552
23.54752
18.33564
24.91334
26.76683
22.07572
21.24413
23.58986
19.22851
21.16952
24.33013
16.24574
23.84577
22.46261
26.02044
22.3603
19.9653
25.48612
26.21322
23.40627
22.64435
21.0023
25.09656
21.74592
21.13067
23.21624
25.73528
19.81987
17.5193
26.53452
24.561
21.9057
23.13456
24.48354
22.15163
23.47154
22.88357
24.27741
25.09725
22.69423
22.06306
22.659
24.29139
24.90215
17.84071
22.68324
25.88128
22.46585
22.41492
21.88588
23.17924
25.86605
21.57342
25.17924
22.45582
22.60106
19.89322
23.04164
26.42208
19.10998
23.82169
24.08426
20.38049
22.87081
22.90258
23.19095
24.642
23.08566
25.14146
22.96983
22.63141
20.80674
24.70154
21.21873
18.94762
26.09237
24.05328
25.76995
24.77713
25.80986
23.89686
17.55143
21.74101
20.57665
26.60191
22.6238
24.67086
24.21466
22.91196
20.04126
21.37658
26.93952
23.41267
21.0159
26.03289
23.50018
25.11346
23.5132
25.36155
21.26934
25.46768
27.86423
19.36183
22.6082
24.70553
25.10766
18.77103
26.19268
25.86235
26.11729
22.93874
21.35294
24.97853
22.426
25.52258
20.33454
22.22887
18.70663
21.80349
20.07365
22.98959
25.50637
25.57753
26.05602
23.64075
21.38588
24.18203
24.67678
25.50582
23.44023
24.96642
22.8143
24.76132
26.60658
20.73539
15.47515
26.5259
24.42841
20.37499
19.3832
23.04327
19.74701
22.01915
23.65178
23.22895
23.82192
23.89759
25.61784
23.02573
24.67819
23.92214
22.04681
24.64865
20.01352
21.91404
26.36691
25.41518
22.10584
24.39999
22.87524
24.23882
22.8955
22.81988
25.36457
21.38702
18.72256
20.93967
22.57869
22.59475
20.16031
19.7992
24.22632
24.84003
19.87069
18.76569
20.10809
24.56002
22.65619
21.69751
22.17884
23.94007
26.07203
20.4721
23.35559
26.00232
20.83789
22.28703
15.43082
23.05819
22.54139
26.16303
24.69819
19.98844
25.09368
20.76633
24.93483
21.25003
23.53065
24.93268
21.67945
18.02457
17.16717
24.85023
18.4179
26.09499
22.57978
22.91271
26.10304
15.85169
25.14413
21.42039
22.89287
22.05678
25.1475
21.84598
25.04636
18.80375
21.09569
22.60728
21.41452
24.76622
25.6657
22.45148
24.28366
23.63831
20.39792
19.16924
19.27023
22.08655
23.14965
27.07547
25.02097
17.29606
20.74252
24.06053
23.55225
20.92045
23.61694
21.13696
15.73578
23.51787
24.76444
26.73901
20.53114
19.89185
18.77927
22.37852
25.29983
24.2602
22.86876
18.89963
23.99098
26.63286
20.55047
26.75414
18.19301
22.5056
24.00447
26.1249
21.41732
23.9544
19.61369
23.34264
25.66965
22.7857
24.98285
25.08547
25.62913
17.61595
17.1179
20.1172
24.4172
22.13939
20.06906
22.71419
25.36877
26.6686
23.63056
21.04425
25.97342
25.40873
26.04068
26.5048
23.08727
21.24785
25.83278
21.69182
23.45229
20.8808
23.43075
24.20868
18.91921
19.11905
21.25887
24.01887
25.56259
24.63138
25.71348
24.35024
22.4131
24.48046
23.85654
26.36166
23.15617
20.52207
24.37069
21.28629
24.40385
20.80838
21.79796
21.43201
22.89277
26.51693
22.5141
25.35784
21.01272
25.56783
22.18688
22.00368
20.88698
19.4815
17.49155
24.04371
23.30694
27.30278
24.1508
23.67997
23.75218
24.65118
19.56108
24.93942
25.07005
23.03325
22.43736
24.17439
23.49824
19.96235
19.9843
22.781
24.33116
24.14698
26.69654
24.05279
25.30052
26.83898
22.53999
23.13153
22.11625
26.26247
21.00851
20.86084
24.98805
24.88706
26.59272
20.39472
22.98994
24.99632
23.29758
21.56593
23.4489
25.18243
23.99125
22.8022
21.85537
25.02123
24.45556
23.88692
22.71936
24.98931
21.26573
24.70179
25.18663
27.18883
23.37479
15.88649
22.96898
22.59476
20.64665
19.62673
22.64497
22.88607
23.88004
23.26325
23.16098
23.18949
22.59892
27.0006
25.1926
26.10417
19.36375
25.73237
24.22983
23.45994
21.5293
15.65834
22.32869
17.12856
20.30332
24.39486
22.48191
23.46912
23.69426
25.7515
22.69609
23.67809
18.61878
25.78131
20.35559
21.06064
21.39176
25.79818
21.06989
20.20195
25.8276
21.94556
25.86377
24.95421
25.49673
21.58801
20.93652
24.49064
22.38668
23.74899
19.18289
22.74888
21.97815
21.20888
22.68267
22.68183
20.78049
22.0134
24.34788
23.38032
24.65438
21.41473
23.06676
23.814
22.15712
24.11869
19.68742
23.61972
22.81259
23.93456
23.29577
23.92451
25.27889
23.67804
21.01973
24.65149
22.7284
19.97828
21.67527
20.01516
22.78006
21.84254
22.54785
22.25412
25.10065
20.71398
22.7833
25.31274
23.17869
21.93771
23.32048
23.04424
19.67304
24.51821
15.74154
22.68133
21.53579
26.00271
23.6534
22.19779
22.88397
22.87432
21.8256
17.1595
27.76151
18.1244
25.04642
20.48864
19.33347
21.369
24.53601
23.15182
24.52597
19.3236
22.02207
20.79647
22.20538
24.73265
22.10655
21.26725
26.598
22.61561
20.12837
22.97564
25.61264
24.58549
21.72667
23.99397
23.32631
24.76643
22.50471
21.42381
25.75825
26.44951
22.09424
22.59684
23.39983
23.03454
22.60341
24.93327
23.85554
23.0914
22.10593
20.3177
22.46178
21.76487
21.52599
22.17938
20.25567
16.95872
16.70542
20.83278
23.55571
21.35286
20.54332
23.86165
26.13818
23.1902
24.43934
23.00521
26.2752
19.52834
26.8596
24.81407
22.62462
21.30534
22.58612
21.28068
23.25126
25.39436
23.98766
25.39947
19.35617
23.45599
25.13539
21.1197
23.0933
22.84125
25.29044
22.96378
21.21696
20.37827
24.59265
25.89921
22.19152
19.61532
25.86642
23.44755
25.6122
22.51638
17.95924
26.3629
26.17883
22.83483
20.9889
23.57984
18.96048
23.14652
22.99985
22.11657
25.16665
25.15168
21.69782
24.13546
25.8298
21.27748
21.46147
20.59181
22.54662
21.76647
22.89916
19.71099
22.22752
24.63514
23.04936
22.03403
23.20275
23.87957
20.17554
21.28377
23.8392
21.68973
22.7797
20.10385
19.63078
25.68907
21.33009
25.03607
23.96337
22.2177
26.87505
22.89263
21.41926
26.26823
20.74434
20.53862
20.36872
25.52446
23.86561
19.62206
22.67807
25.46947
22.73309
25.1001
18.88997
24.16653
23.17807
22.84205
24.32532
23.0132
23.1062
23.50401
20.46658
22.02905
25.63145
21.45303
24.73238
21.63737
23.34583
19.35093
22.0156
21.3419
24.7376
23.75259
22.34303
19.80934
19.04097
25.32055
20.37578
22.08328
21.96373
21.4406
22.15351
20.49399
23.18372
26.46314
24.26181
22.41953
23.6074
25.87033
26.71587
23.74747
24.81654
26.38955
24.47004
23.9943
21.57798
22.46635
21.99049
24.15039
24.9813
24.49943
25.06415
26.46763
26.0222
22.86481
22.02002
25.15001
24.01463
24.78235
24.82602
22.92736
24.1521
20.27337
19.29433
21.75232
25.11264
20.72899
17.48238
22.96653
21.31866
24.2803
23.8291
23.74345
25.00348
22.42007
24.50645
23.80435
22.74974
23.44129
26.51347
24.23758
22.75429
21.24076
22.69753
22.82994
24.32868
23.95087
25.8004
23.46187
22.89704
17.10666
24.86106
22.76693
23.97416
26.07737
21.01354
23.73864
20.60653
21.04523
23.70086
22.22516
20.8035
21.96031
20.09348
25.49812
24.04279
21.66083
23.60369
25.12928
23.48937
22.86778
21.24823
21.34302
23.33279
22.2612
23.75547
25.91083
23.9251
22.18641
24.08347
24.67174
22.86075
25.76267
24.25008
23.89432
20.83268
25.6811
26.8196
23.36861
22.83194
24.62898
26.98375
23.937
22.10425
23.86635
26.70407
20.93881
27.12593
26.21401
24.82463
23.08392
19.77491
23.26562
24.46642
21.26483
24.80557
24.01438
22.09495
22.24234
25.76834
26.60468
21.65903
24.66256
22.94197
22.43582
21.4866
25.58993
24.35174
26.03698
21.30408
26.03084
24.68337
25.2939
26.54703
19.86365
21.14819
16.54857
21.44071
22.98628
26.67254
20.62116
22.39687
22.46608
23.43234
22.46722
21.1014
20.27798
24.84306
21.7986
22.16935
22.59684
24.5656
22.37314
25.41166
22.72297
21.78114
24.73901
23.0737
16.27904
23.98459
22.21814
22.66009
18.37099
20.3439
20.2354
23.43742
19.77083
21.36969
26.72784
18.64318
26.44449
23.87381
24.9119
23.73163
26.14926
23.78081
23.26964
23.85814
21.8006
23.9766
25.45596
22.61208
22.98813
20.02495
25.78803
21.71806
19.17346
21.74888
24.81029
25.87276
26.12834
25.10446
22.2469
22.86596
23.20457
24.92602
17.86602
25.69728
19.1383
26.34327
24.06554
20.69672
23.04441
26.33942
21.42928
20.59422
23.19091
23.07135
25.59872
18.09916
25.12002
23.60187
25.74958
26.10894
22.21619
25.27792
25.88639
26.47956
24.65318
24.75476
21.84214
21.12217
24.19677
22.79642
24.74594
25.46538
22.47882
20.9391
20.25774
23.46253
18.00026
25.00965
24.05315
19.94125
22.5164
23.70591
23.98694
22.00405
23.05121
26.1722
21.37829
19.94202
22.69325
21.81238
23.99313
19.85401
22.89023
25.22361
21.5853
20.72908
17.86755
25.25865
21.39741
22.68966
24.21879
24.06633
17.47309
21.77011
22.19545
21.62048
24.91463
21.76469
22.48677
21.13531
20.15614
19.11878
20.39658
24.12639
21.48226
23.53315
21.16261
26.53375
22.87251
24.29332
23.87828
23.58204
20.83741
24.32934
23.18189
25.89669
19.82456
21.19877
21.05497
23.57913
22.16696
21.53075
27.243
24.28747
22.18607
25.84222
26.6442
23.57691
18.60079
25.40323
24.96889
26.52956
20.33578
19.80055
24.81418
22.39697
21.06979
26.69603
23.67429
19.17512
26.50167
26.65657
21.59699
23.73825
25.39869
17.28957
17.33262
23.18046
22.44268
20.60571
22.75453
24.57431
25.01785
20.6684
26.08509
23.05095
27.43227
25.54974
22.25154
24.50236
24.05741
26.7555
26.45417
25.30612
24.00582
22.2043
20.78915
24.28417
22.91395
20.92316
19.34636
22.70335
25.43952
24.92831
23.71024
22.92788
20.87079
26.41737
22.43255
19.88646
23.92494
21.3034
23.35733
24.13199
17.69455
22.62383
25.76393
24.74935
25.59595
26.62646
19.08451
24.21841
23.16056
23.85594
23.8296
25.03223
19.59863
21.20702
26.56521
20.48811
23.14886
24.9918
22.67185
24.24202
25.05375
25.10659
16.56735
21.02467
19.49172
27.07353
24.3525
23.991
24.02289
21.70607
26.39435
19.7602
23.07024
23.12733
24.84213
19.75754
20.98825
20.9977
25.59327
21.86256
22.86304
21.91389
24.31326
22.26889
21.98611
24.06283
25.30042
19.12055
24.34223
24.87832
21.89856
21.33891
26.24866
22.16456
23.15972
22.43338
24.81351
25.08716
22.34497
19.38476
26.3865
23.28932
24.11572
25.62711
23.0688
22.66166
25.7497
18.4257
26.96549
24.14363
23.27934
20.54754
25.86727
22.56833
24.24083
16.83924
21.2245
23.12928
22.31042
25.31379
25.10347
22.93534
18.02809
22.37161
25.73293
20.21362
25.09564
26.97946
25.48023
22.47163
22.76939
21.72344
23.99813
21.52709
24.17093
21.14658
22.8799
25.66514
23.38768
25.13416
24.16832
21.96922
26.1234
24.72212
24.75352
17.83989
19.18133
22.97611
20.45001
18.74308
27.09492
21.51404
20.40286
23.43756
23.04511
25.82465
20.71757
22.81369
24.9048
22.60313
25.46863
19.68344
21.28067
23.30739
22.00291
21.43883
25.13133
24.09893
20.98143
22.03923
24.53457
24.02933
26.50664
24.12174
20.61118
23.69861
24.9921
21.64525
22.76147
24.40965
24.18392
22.88196
19.77738
18.5139
23.56195
22.82548
24.54842
24.03505
25.22672
17.00323
19.39312
23.45896
23.86285
24.55533
19.53992
16.54924
20.56244
24.5296
26.58397
26.46252
26.44758
23.89326
22.21475
23.15114
23.58677
20.34793
24.59637
25.12795
25.67977
22.11337
23.77803
24.63274
21.87838
21.14826
20.53334
20.32267
23.31455
19.25766
18.96071
19.05592
23.25652
26.69162
25.74597
23.50578
24.07961
21.46843
21.51166
24.58069
20.9354
22.30028
22.64106
23.23689
23.68094
23.41969
21.49514
22.73847
26.15239
22.39426
19.58809
22.10443
23.7215
19.95535
21.43193
22.76812
22.4843
21.4392
23.95957
19.60231
23.7938
23.17584
20.30359
24.85638
23.79985
20.30132
18.75854
24.62928
24.77179
25.46356
22.02997
26.0297
19.38167
23.58919
25.42425
24.73739
25.50574
25.6269
22.64966
22.50022
23.49571
23.79541
26.10395
22.87287
24.02061
19.39914
25.60453
17.29967
23.53196
22.45692
24.63382
24.9471
25.31901
23.58373
22.09579
24.4409
25.04669
24.30159
24.27665
24.51501
20.15831
20.54745
23.83025
20.07152
21.21184
24.37318
17.95486
23.51775
24.28887
22.40109
25.17795
22.92441
23.41721
22.75762
23.1836
20.18832
24.6757
19.0279
23.86222
25.07531
18.01621
22.99169
22.66325
23.50151
19.53298
23.79118
24.65337
18.31533
21.76802
25.1822
22.29955
22.31074
25.55487
26.41674
22.91507
19.46784
24.53416
23.10435
25.89794
26.15086
24.45194
26.08244
23.35757
24.20542
24.09966
21.57925
25.19696
22.70945
21.05056
21.31398
23.28186
22.63347
23.65942
22.32829
21.76922
24.5133
20.43672
24.5191
24.06586
23.30495
26.08985
23.15265
20.20963
20.30374
20.6563
21.41853
23.53354
26.39042
23.80568
19.86268
21.83292
23.78074
21.85283
19.69221
15.9341
18.17518
25.95852
21.78257
22.84169
22.24556
24.13056
26.52318
25.05344
25.49765
20.97437
24.40565
25.85325
20.31417
22.05025
23.38123
24.67453
26.40766
24.05746
21.95715
21.39984
21.38466
22.02499
21.47807
23.33246
27.37734
21.76197
24.17282
20.49451
22.47208
25.41335
25.86487
25.70184
24.68003
22.74992
24.67984
23.68151
23.65159
20.23959
19.92112
23.52119
20.06936
20.35537
21.36895
23.21974
24.16769
24.43894
22.45912
20.8289
21.89986
21.39732
21.72848
22.66215
26.81761
24.4735
24.1012
19.81188
25.41806
23.33485
24.32559
21.55551
21.51669
23.85122
22.64605
22.51745
22.01509
21.95981
23.29313
22.87226
26.46028
24.21831
22.57254
21.01985
19.97064
21.22629
19.54032
25.29721
19.26812
21.39603
18.84056
24.88716
19.4993
23.51413
24.35308
17.63795
22.47666
24.57877
22.64895
23.63973
24.21687
18.30517
23.29224
19.49623
25.14501
21.20107
24.82323
25.96546
22.64549
25.5395
26.41528
18.71462
21.19546
23.57032
25.4638
23.21319
22.81007
23.50424
24.70061
23.65134
25.1719
23.13457
23.8269
24.64875
24.17423
25.4036
23.40258
26.61778
22.45172
22.63268
22.01784
23.59964
18.23049
22.09029
25.6956
18.61421
22.64776
22.72534
24.83305
18.7205
19.85757
21.1308
24.61027
24.79184
19.87988
21.68993
21.0833
24.03565
26.94617
22.55242
23.3179
19.90373
21.43922
23.10956
24.96769
23.16412
22.93135
23.88104
26.57245
25.99532
25.9869
25.08162
21.70223
20.66078
26.72008
25.16767
26.87389
23.38239
25.07297
24.61261
23.33397
18.65126
23.80507
26.55374
26.75757
22.75748
24.36787
21.68106
21.71426
24.16125
21.14657
22.24285
24.32286
23.33742
26.40673
23.92456
22.91123
24.18834
24.42396
19.37555
25.63533
23.32142
24.50555
22.17398
18.466
24.67597
23.43504
22.75435
24.77574
22.58078
24.85705
19.68635
23.18483
23.4662
23.31971
23.20423
20.38055
23.44607
23.20179
22.79422
22.12051
24.74692
21.25408
20.22937
21.50678
18.44958
22.50988
21.36648
23.91635
25.69132
23.39779
23.22365
23.42758
23.00868
25.79703
21.9953
16.89554
21.85652
21.10281
25.29344
26.45996
22.36727
23.38008
22.71008
22.82058
22.46181
24.07691
17.96102
20.18105
23.75801
24.55892
19.79981
20.51714
22.57363
25.04778
22.42233
18.92177
20.22525
23.37521
21.95308
20.39965
24.73908
21.98397
18.77237
22.88466
24.29866
25.49884
22.15382
20.05132
22.7798
26.36586
26.17474
24.96244
21.93992
26.39015
26.11324
22.59028
20.69365
25.78768
18.96036
23.26475
22.16533
23.78039
25.88707
23.4745
24.79972
21.03158
21.34444
18.7948
22.7715
25.22663
26.12162
24.41805
19.37285
23.91491
24.32362
20.38048
19.86241
25.41824
22.18524
25.01292
20.27363
19.36897
23.81025
18.979
17.13629
23.02459
18.17753
20.18672
25.36688
27.81804
26.57877
24.15624
25.45039
19.00845
21.69993
24.66051
24.5284
18.64386
24.2401
22.49153
23.32565
19.33
24.70988
21.85374
24.86945
20.77022
21.67174
24.08199
19.76426
25.54636
25.62468
25.43847
24.76837
23.1097
24.28095
23.52359
20.88078
24.38093
21.29106
22.13319
22.91095
26.96979
22.54456
25.35236
26.24214
20.19356
23.94823
22.55762
24.87697
27.17371
20.24606
17.17396
24.09935
22.70173
22.85327
24.1369
22.86257
23.41235
26.48441
20.74748
20.69039
24.83858
21.64451
19.02744
20.91574
21.94366
24.74929
22.06851
21.17794
23.40388
22.32586
26.31494
23.84837
24.0272
23.37799
24.12188
23.65409
25.03727
23.77213
20.9157
18.74756
23.64893
17.81403
17.76332
24.20546
23.28826
23.62531
24.47309
25.5742
18.90923
23.46163
24.05723
26.76964
20.95585
24.14338
20.41586
20.77631
21.84213
20.80776
24.60034
23.31848
24.27339
20.59978
24.37687
23.85283
24.13314
22.62894
22.02549
23.71147
23.23809
22.17017
18.57702
27.0058
22.62839
20.41009
26.117
22.84838
21.1661
23.92804
20.31799
22.09617
22.52445
20.40848
24.5497
23.52468
23.92191
21.77135
19.73145
26.20558
25.54883
25.00974
25.8445
19.20351
18.46597
23.06612
23.40407
20.97739
25.14507
23.50813
25.26613
21.39963
25.49099
22.5793
24.68003
24.4889
26.29982
26.33521
23.80222
22.9237
27.01398
26.65417
22.48914
22.91946
26.51809
25.15455
23.24379
17.80399
23.98834
22.01634
25.39427
25.21105
24.87689
24.41018
20.85251
21.95656
22.79028
24.70161
20.7728
25.93184
21.09986
25.18446
20.12752
20.20779
25.1205
27.32204
20.09129
21.9979
20.82835
17.58858
21.36596
22.55426
23.19995
25.69604
21.71177
23.41131
23.27163
19.30705
23.11252
25.67525
20.8841
26.01812
25.61983
19.51336
19.36929
23.11733
25.5097
23.42518
25.69016
23.53099
24.80983
19.3194
22.54485
23.80217
26.09091
25.93681
23.78492
19.07292
24.39825
25.3727
22.24918
23.69055
22.01738
18.42099
26.28811
18.83131
26.43387
25.81421
18.19485
27.66765
24.67905
21.0246
23.69544
20.07747
19.39204
23.19626
22.73992
20.48648
24.57034
25.92811
23.75829
19.62773
23.67519
24.80053
22.84729
22.35935
27.11933
24.12788
24.85903
24.82123
23.8249
22.06525
25.08944
22.71849
19.21819
22.91301
20.30164
22.75696
22.13048
26.18724
24.57423
22.24703
22.72515
19.16127
20.93411
26.00037
24.70032
24.53952
24.35425
25.57603
24.53184
23.16114
22.32197
20.56581
21.59123
20.72407
20.98755
26.2112
26.31263
21.02449
21.17545
22.11327
20.76876
22.00393
23.7045
22.71898
20.46461
22.38739
26.66902
22.32598
22.12695
22.91012
20.86305
23.03225
24.59987
25.95613
25.27455
25.23917
20.04453
17.56909
22.63615
18.41224
18.5367
22.65843
25.24206
23.3327
23.85919
25.83496
23.13727
25.2154
23.98878
25.74801
26.80808
25.62616
26.29223
25.83089
19.13133
21.16193
23.25608
21.27614
26.55417
22.21725
26.28633
19.92243
24.84452
23.43783
23.91589
20.67842
23.78598
22.35749
21.04237
26.36017
19.47793
21.2376
25.23844
22.80927
18.96866
23.35917
22.75907
25.70154
21.60355
23.35185
20.48203
17.40691
19.94312
19.75349
21.42105
20.239
23.38135
23.25148
25.05107
22.77895
23.11173
24.78557
24.59476
25.05157
23.541
25.7866
20.93223
20.73661
22.77348
18.37304
19.17032
23.22154
26.80637
24.33051
21.8255
22.20429
18.55939
22.37878
24.2928
18.25447
23.79915
21.16308
22.87983
26.77356
23.05694
19.04547
22.64465
23.96352
22.20037
25.01555
23.77326
23.22189
23.57212
21.25577
22.37989
26.09874
20.40638
22.12032
19.31931
24.99081
19.2982
22.51896
18.96377
26.31004
17.73892
23.65388
25.86655
22.12585
20.65545
21.07907
26.19742
25.87769
26.06719
18.22021
17.44052
22.57067
22.79541
22.3753
26.2997
21.92604
19.98989
21.12179
25.19855
19.72934
26.6734
25.5798
22.02479
23.44627
25.61079
24.21919
22.59123
23.05602
18.95292
25.87416
25.3554
25.86873
24.82223
24.55882
21.75841
22.23515
24.15745
24.12336
21.66097
18.75923
23.39464
23.09117
26.33505
19.52952
21.65735
21.84282
18.12147
24.32542
25.64486
22.35795
21.85013
24.50135
21.03522
22.49812
19.28432
24.27209
25.42601
23.42661
20.27922
20.53679
22.52911
19.69086
26.84158
22.63094
24.3429
23.96017
22.76958
19.82518
25.19874
19.04934
22.05437
23.3924
21.27424
22.99999
26.20093
21.83749
21.4694
20.77354
22.0664
25.58369
22.92294
24.79395
19.7187
23.76237
19.21242
25.01138
17.84199
25.01402
18.89149
23.31034
25.83551
23.40268
22.77633
19.56193
22.91735
24.26785
21.10409
22.37198
19.45078
23.67945
25.00631
19.48523
23.85177
25.24401
22.59879
22.64899
19.79696
22.83718
26.73489
24.10119
24.00999
24.62027
19.11682
24.81064
25.27895
24.75614
19.76059
20.20852
22.61608
18.87622
24.39746
25.56358
23.72253
24.69297
24.28021
22.36762
24.34859
17.14747
19.64155
18.52241
18.72604
25.83558
24.72182
21.95561
21.99081
20.42276
22.10673
21.49808
22.67947
25.02779
22.76215
27.05332
25.05617
23.10337
26.10712
23.94229
24.81607
24.04376
21.66612
17.05198
23.87627
20.1632
25.6112
22.00523
21.19784
25.93148
19.40059
23.64089
23.82002
25.02961
20.20152
22.06049
25.37187
23.26001
20.73199
24.34195
20.28088
22.94857
23.26499
25.47422
21.19132
24.06762
26.67347
26.92645
23.58774
22.63434
24.81603
25.97548
22.75131
23.9626
24.4579
22.6494
23.2982
21.03545
22.91335
24.51249
22.40288
23.65539
20.1269
23.93165
22.62959
24.2252
22.30491
21.4246
21.38442
24.75798
22.86007
24.19573
22.95726
22.89913
20.86009
17.71774
19.87258
25.95778
22.415
26.17371
20.94102
23.4192
24.9043
23.57633
25.50985
22.7847
26.15095
22.1625
24.29818
19.74767
21.68972
18.83458
23.20185
21.14216
21.49741
25.15819
20.94027
23.59029
25.93074
21.15026
18.64463
23.27283
23.71111
21.73599
19.95739
22.70337
23.0227
21.57025
23.28191
21.79151
25.55527
24.31845
23.67127
19.92262
21.29383
19.51676
19.19416
23.41672
23.46408
23.02536
22.54994
23.02682
23.63544
21.84001
26.27319
18.51716
22.06965
22.09127
25.09292
24.61439
24.15978
20.95074
21.3879
24.8401
21.50497
26.74517
23.09155
18.87899
25.18051
24.18795
20.37993
24.44962
25.66409
20.28567
24.91218
24.01089
19.31502
25.48728
20.27334
22.75927
21.55652
26.4961
22.46921
24.75188
24.47869
27.03158
22.64833
23.62205
25.00727
24.13368
24.02897
25.40761
22.40187
23.92359
25.78524
23.45305
21.1068
25.55097
16.12835
23.96971
20.73515
26.26279
22.91186
21.53141
25.74378
23.18067
23.53818
24.96413
23.68132
20.75936
21.25078
21.8106
23.40769
20.48356
22.90881
26.61534
23.22904
22.5283
21.58794
27.066
23.56174
22.32315
22.54374
24.98516
21.01447
20.02864
22.74683
23.06024
24.89049
23.5168
24.44749
19.188
18.67558
21.77166
26.79578
20.61659
23.88721
20.52384
26.06513
25.10354
22.80292
27.1639
23.65261
20.56494
18.74413
23.32116
26.53437
24.54361
24.82987
20.28526
22.78549
23.56008
25.16578
21.25663
20.95967
20.28121
18.0782
21.01702
20.67623
23.04351
22.7646
22.06779
23.89229
21.70091
24.06042
22.82556
18.8919
19.62632
25.15936
24.21671
25.4161
23.74625
24.32736
25.67761
23.64184
20.80665
21.89397
25.31265
24.99526
27.2245
17.91282
23.63172
21.9271
24.99033
26.51434
24.89912
22.34206
22.4034
25.00547
23.31951
24.30749
22.89819
21.73649
22.09634
21.72377
25.56916
22.50945
17.07431
19.97494
22.40123
22.45252
24.53147
22.96092
25.62063
21.1322
19.64972
23.50621
25.46946
22.30251
26.05891
24.0903
25.71332
27.94483
20.59927
25.20265
19.58255
21.66711
20.95982
24.52119
17.37042
21.20038
27.05792
19.97084
20.3163
24.61636
24.07539
25.26389
23.76574
23.72371
24.0842
21.90581
26.29064
24.53501
23.79573
25.07544
27.14399
25.1359
21.34456
22.8118
22.10936
23.02195
22.93943
24.46191
23.15518
25.92015
23.13803
20.53727
26.67147
25.01066
22.52403
22.51838
24.87543
26.18675
23.49814
25.35267
25.78463
24.46729
20.31791
24.91108
23.0096
20.22007
23.10915
24.11433
23.62083
24.58289
26.26416
24.52749
25.85305
20.65604
24.41406
21.35316
25.80111
26.14911
20.18433
20.1523
24.15945
21.62563
17.82496
21.015
23.00256
20.5347
23.70826
20.2281
20.75179
25.08154
24.28166
24.23396
16.46158
20.00482
26.02262
20.43368
25.61476
27.30083
22.97186
21.10751
24.09292
23.36171
24.65159
22.6343
24.28796
20.97357
20.31939
24.1027
20.87132
22.74662
26.83227
20.90818
26.4527
22.28165
20.79823
23.35093
26.26353
22.23806
15.93539
20.69319
22.71445
22.95298
25.48415
23.99549
22.38503
22.33293
27.24017
22.59983
23.02686
23.90581
25.31559
16.34561
19.76307
20.37258
23.8383
23.77082
20.49697
20.2718
22.37831
21.88418
20.62448
22.18331
21.35088
19.69177
25.18402
23.90723
26.61923
24.65051
22.10578
23.44658
23.1502
24.23694
26.23998
25.58847
24.61003
25.52289
25.9659
23.57311
24.8672
20.86397
25.70883
22.19909
22.62081
24.07098
22.45247
23.08789
20.65649
25.48503
24.33762
24.74268
21.13891
27.6638
21.77506
26.36372
24.12917
20.18415
21.29178
21.80036
21.34604
22.45353
18.7212
22.28105
24.77865
24.98192
22.53885
20.75396
26.16372
25.86091
24.43291
19.64297
23.1845
22.3488
20.01677
25.59465
26.00397
26.47144
23.63826
24.09677
23.36127
24.58266
21.84103
21.90038
22.80509
25.09202
24.30201
21.68325
23.40483
22.39186
22.15713
26.7326
22.77382
20.63628
23.71854
24.17531
18.35063
20.60464
22.96415
22.65533
22.80783
24.3078
24.99829
27.15257
19.84097
22.31422
23.96579
26.64334
22.74093
20.63647
21.64866
25.30567
20.9802
21.92703
21.38676
23.93896
23.59121
22.83498
22.95418
20.99409
23.21718
25.02529
23.21279
20.52667
23.25563
22.45319
26.05405
23.2654
24.4093
20.06281
21.379
25.60964
22.24978
22.27635
24.94528
22.71769
23.23695
20.03317
22.998
18.9545
23.2584
23.26315
21.37877
21.42579
26.31259
21.92635
24.4749
25.72755
25.0703
25.70208
24.28322
26.02155
21.37836
24.14829
20.53698
21.83918
18.95359
19.68648
22.63467
26.69083
22.65582
20.17361
16.18307
24.14758
25.71675
23.04607
24.41438
23.26681
26.36473
16.56501
18.50389
21.94099
25.36252
18.95217
25.2608
26.37954
24.18075
26.37287
21.87652
23.42328
25.0244
23.67833
21.6324
23.1607
24.65545
25.45867
21.66796
25.12136
24.8151
17.05509
20.75273
21.79587
24.96116
17.37867
21.53222
19.2772
23.91164
19.52237
22.83723
25.88346
21.98037
23.78885
22.82266
22.52813
21.84353
25.15418
24.73801
23.66522
23.12306
20.52312
22.98533
22.10752
23.62124
23.6871
21.03244
23.28542
21.75728
22.12512
22.00449
23.37646
21.14767
26.11409
25.26453
19.78012
22.31813
19.99748
21.02886
26.09433
23.12975
19.96376
20.81741
24.5284
26.4235
24.84642
23.12937
18.54989
25.72925
26.50928
26.10853
22.20939
19.25716
23.39522
22.68974
23.99082
26.38551
23.54063
22.56937
24.52743
21.40958
19.70822
21.62952
21.61384
23.96384
25.15288
23.85405
26.38637
23.90353
25.23152
22.33946
23.40876
23.30872
22.03753
21.81155
25.90155
19.54334
24.48571
23.34483
23.01342
21.05505
23.54894
22.3792
25.70004
22.78328
24.39261
20.83899
19.69685
22.4395
26.1266
23.55815
20.2404
19.34247
20.54417
23.66667
23.6104
25.82877
22.69258
26.38661
24.21613
20.33278
23.26161
24.87968
21.40131
22.21094
21.96946
26.645
25.47008
20.54115
21.09656
25.80586
23.2946
22.94465
25.21141
24.94341
25.7427
22.32567
25.47631
23.612
22.9589
23.00525
23.41182
22.66905
20.34969
26.17828
21.22052
23.78254
18.90033
19.54281
23.59262
21.47559
23.82105
23.68006
20.95813
24.49166
23.62286
25.43312
26.72286
22.47972
25.21961
24.87281
21.84171
23.74057
22.00072
21.42096
26.64282
25.90954
21.8147
22.91258
27.30265
23.17028
24.5938
18.07053
21.10091
26.1025
19.74563
19.74004
23.61268
23.68893
20.96403
20.70999
24.81332
20.49307
20.11066
20.67244
21.92069
19.67214
25.04519
25.07063
23.21182
23.72859
20.33451
23.79524
20.26504
26.14407
23.54914
23.17103
24.13336
20.22452
20.72119
23.80045
17.80883
23.59757
16.0638
20.40658
24.3699
20.016
21.31296
20.06189
23.73141
22.11988
24.11324
20.88937
21.43896
22.93915
21.59778
25.39777
23.30223
23.55752
23.50028
22.92124
23.04769
24.53256
25.10164
20.60226
19.75188
21.44971
22.80509
22.46666
24.28127
23.39659
20.44669
21.98298
23.38916
24.22324
18.46092
23.86113
25.36564
22.69375
22.61135
26.09242
24.53261
26.3236
17.92176
19.85144
22.72988
23.54401
21.6808
23.13324
20.55324
19.73812
23.22206
23.83073
20.51307
23.319
20.0144
20.62123
25.12106
22.69643
21.04277
19.47071
21.7034
23.67015
19.78461
23.92894
25.04478
22.87445
25.67953
25.37552
23.83312
21.8692
26.3717
22.92337
24.03709
22.1793
23.46963
23.54262
19.29649
19.52241
23.37985
26.67672
22.58217
25.1768
25.68258
26.84929
20.99998
22.29469
22.73472
24.11084
20.79817
22.69108
21.09242
21.71199
22.72681
23.37513
21.63712
23.59519
26.28075
18.70009
19.52604
26.34247
27.19712
20.91917
26.43849
21.72853
18.06314
24.01454
20.76822
23.58323
23.84901
21.63424
25.52257
16.72103
23.78471
26.74046
22.69338
26.37202
26.22051
17.64516
17.00509
23.00832
23.47131
18.43366
20.29101
20.26389
22.31206
26.87273
23.04471
25.94589
25.71706
23.28791
18.67794
22.68092
27.03104
21.3413
22.57342
25.6476
21.4528
24.71367
20.31841
23.56579
21.7125
25.66018
24.28866
21.77067
19.53551
25.57737
17.66301
22.99598
24.34736
23.21244
25.34121
23.93877
23.38934
25.03825
24.9964
23.9545
23.29586
24.71773
23.70356
23.01531
24.00435
18.18909
21.18267
26.77522
24.44057
23.1967
23.21136
24.26802
24.33853
25.26866
20.41069
19.2034
22.49075
20.53161
25.89007
22.18144
20.6324
24.6775
26.87529
23.49472
19.30131
24.82387
25.09973
23.65656
24.79464
25.6506
21.98784
26.55389
24.69566
26.8874
22.77499
21.1905
23.83687
20.26484
23.33459
16.95308
24.06042
23.95215
20.70196
22.67624
25.07303
22.21462
25.03703
21.65415
24.31967
26.12201
22.77553
21.82032
26.01338
20.46981
24.11504
22.9563
16.22116
21.4761
22.48602
21.73588
23.23151
24.71448
22.89191
21.87948
24.27019
25.30482
24.81988
21.78566
22.1025
16.75091
25.11979
24.07526
23.21219
21.70693
24.58159
22.77491
23.40529
23.07368
21.55117
26.04188
18.74742
25.23919
23.06763
19.44118
17.72264
24.57973
20.48165
20.69222
22.17925
23.35671
24.76892
21.17785
22.87689
24.78174
22.71082
23.77594
22.37881
21.95329
21.72003
21.19911
24.19536
23.94067
22.11666
21.82237
23.57541
22.5149
27.05639
23.499
20.37216
25.77248
24.22479
19.88166
23.64543
21.31803
21.50335
25.20626
26.79054
26.05439
21.07213
25.52693
24.36122
25.67932
24.95117
17.33488
20.99591
25.52062
22.42901
23.77361
22.65849
21.63242
23.99269
24.59945
25.64075
24.41737
21.43786
23.51324
26.53071
20.41235
23.43099
18.46047
19.92718
20.10455
24.38946
24.83073
21.90332
22.45124
24.13991
25.73246
22.42267
23.49483
24.31318
21.44406
22.76419
23.57574
26.06699
22.13599
22.54463
17.20957
23.11101
22.60916
26.17775
25.19717
23.82543
16.81571
23.53701
24.94044
23.26635
21.3797
23.28408
23.37441
24.0531
24.93393
21.09428
21.40676
25.49739
24.98547
21.2528
20.22871
23.39166
25.59356
24.14442
24.32181
21.08957
21.90947
21.8817
23.50574
22.81775
20.48145
25.33925
25.98019
22.09008
22.48011
23.78435
21.72211
21.39663
22.40919
22.40836
25.58788
22.13643
25.57068
19.24018
23.16181
20.75773
22.16313
24.11531
24.52932
21.48338
17.90355
24.23184
20.93773
22.89551
26.18466
20.02967
24.46579
20.79614
24.37267
24.62691
23.42485
22.35317
21.32041
24.2294
16.36318
23.79416
26.40714
17.01671
21.52385
22.22015
25.32593
23.20313
19.92718
24.829
19.50861
21.18152
23.43876
19.92528
21.34134
23.85463
23.80912
23.26771
24.06284
21.935
24.57012
25.01477
22.90353
27.30233
24.96864
26.1444
22.66919
23.82964
20.26275
20.37796
23.43972
21.55944
24.8886
22.79705
24.23429
25.32006
25.27824
24.11869
20.06281
23.36653
19.72677
16.5033
22.93759
21.70899
20.30415
20.50385
24.95598
26.1973
23.26672
21.6111
24.4429
24.49569
23.0179
21.56856
20.56262
23.91609
21.04726
24.4426
24.36879
22.48754
25.26765
26.06532
23.73538
20.03818
21.90893
24.19878
24.72435
23.83495
24.40726
25.81054
23.28393
23.53911
25.2412
19.36555
18.83783
22.70771
25.44417
25.32642
26.39657
21.81013
22.91399
25.73478
19.11122
18.11322
24.99725
23.0409
24.88485
22.76303
19.00425
22.73187
17.44019
27.04086
20.0731
19.46746
25.75597
23.77737
24.07878
25.0907
25.35538
25.98575
27.49051
22.7449
21.27165
19.49345
25.37143
20.84362
23.47748
21.5056
21.14828
23.70903
19.57224
20.91968
16.92588
16.11085
18.3075
26.69516
21.28984
22.80989
20.76133
24.93655
21.43419
20.1747
24.56753
22.81459
26.71601
21.07027
17.13562
25.26847
22.3903
23.99942
22.56612
26.03031
23.85481
19.54913
25.00956
22.80265
20.7531
20.54757
16.80709
22.2053
21.69231
23.38123
23.20562
25.81455
16.16335
22.52218
25.87061
26.23788
24.2843
22.61518
24.4111
23.30611
23.29858
26.11992
25.06531
23.96198
23.2645
23.20326
22.6576
25.6098
23.53657
23.14071
22.8192
20.03216
20.87624
24.36604
19.97893
23.11934
23.09817
19.73534
23.47345
23.2424
25.21826
24.4341
26.90905
21.8518
21.82905
20.14823
17.6084
22.79443
21.2748
19.62055
24.94001
22.63933
23.13918
23.82986
20.59155
22.66199
25.46986
18.72095
21.53482
24.86279
23.24431
21.24824
20.12444
21.22263
21.32516
21.4429
22.63416
20.94207
21.58437
22.74998
22.74903
24.40877
25.39243
21.83508
26.10419
24.9458
21.47427
24.96269
15.86338
21.87142
23.65948
22.84543
22.55844
23.94466
21.57691
20.12616
22.01376
22.79632
22.5199
23.24688
25.82781
20.52566
21.22854
19.10213
23.15639
22.59844
21.55984
21.6137
23.69561
21.89003
20.60373
22.80596
24.00186
23.86649
27.67348
23.61514
26.54762
23.80755
23.7345
25.89378
25.92204
25.03312
25.4745
21.69197
20.50706
21.63132
21.7458
21.26569
24.43358
21.3029
20.28636
18.43031
23.70036
22.88482
26.7465
21.55824
25.67078
21.86567
22.01127
22.40695
24.77168
22.65583
26.29877
25.34575
23.70862
24.78569
20.39429
24.18927
23.01074
21.45305
16.75323
19.29554
23.1253
17.95847
21.94747
24.21522
27.10999
25.00802
23.78298
23.39246
23.87595
21.55645
23.35273
21.11807
22.67776
21.54128
21.71185
26.45647
23.33971
22.99044
23.93324
23.55863
20.56987
19.89033
22.33126
25.25332
21.38254
19.28085
23.018
19.01945
24.78898
24.63935
17.21804
22.12807
23.54537
23.31742
21.63256
22.21892
23.91246
19.19466
26.44975
26.12177
25.42989
24.33636
23.98152
25.18848
24.52372
24.96474
19.8064
25.69021
24.95549
25.04235
22.35695
24.92667
25.0761
23.76964
24.60845
22.18304
23.28093
23.78661
26.43181
22.1698
21.42894
20.38412
22.58274
25.03342
23.0479
23.49426
23.32145
23.35331
24.10239
23.34797
21.63164
24.4263
24.60487
24.44561
20.92532
21.89292
25.24751
25.16111
25.56611
23.15749
27.32608
23.22219
26.82564
19.18884
20.13084
24.09666
24.20359
22.72334
22.93236
24.26979
24.45623
24.51075
22.14467
21.39015
24.27709
23.42859
25.17741
23.71135
24.23116
21.81373
26.16051
21.31689
23.55949
24.03077
22.53911
21.4976
20.74393
24.44587
22.22989
23.89063
22.00044
23.08553
24.35165
20.85394
23.62295
22.7504
22.5559
21.72207
25.47453
21.08729
21.56939
24.31302
20.96029
22.12401
21.5101
23.80361
22.94174
22.72342
25.09103
18.29368
25.25524
26.05225
22.99618
20.1517
21.44284
24.25326
22.75072
21.4972
21.88149
27.02024
19.3266
23.07846
16.42071
26.48287
16.26215
26.56311
21.80036
25.30972
20.47519
25.41986
19.34348
26.0473
23.83015
23.66943
24.332
21.47091
25.18963
24.7564
24.29149
23.88591
23.90516
21.99436
23.81769
25.54313
24.36117
21.57066
27.57498
20.80385
26.51764
22.5256
21.12647
18.66042
23.18298
23.28825
22.01399
21.45886
18.33724
21.27138
24.20446
23.3417
25.56107
18.24058
20.40147
22.44683
23.84299
20.58978
23.99773
25.6596
19.27101
24.55901
25.67872
24.40756
17.69831
22.45915
23.10512
22.23504
19.99874
22.89707
20.52469
21.56869
27.16582
24.16548
21.63472
20.79106
25.60905
22.0547
22.41014
16.0449
21.9331
26.55863
