21.2
25.4
20.6
24.8
17.3
26
22.6
16.2
26.5
15.8
23.1
24.6
22.9
25.5
22.2
20.1
21.5
22.5
23.2
18.7
20.8
22.6
25.6
21.8
23.3
21.1
25.7
24.4
23.5
23.1
24.7
26.7
19.2
24.9
24.2
26.2
22.4
18.2
22.8
24.6
23.1
23.3
22.4
23.1
25.5
27.8
17.2
23.6
20.7
27.4
19
19.3
22.2
22.8
25.3
25.2
26
26.3
21.5
20.5
20.3
21
22.1
25.1
25.3
23.5
20.1
23.1
22.9
22.9
22
23.8
20.1
22.8
19.9
23.8
23.4
24.1
26.8
21.5
27.5
25.5
21.3
23.7
26.5
21.4
24.1
22
22.5
20.8
20.1
20.2
25.2
17.7
23.8
21.3
20.6
23.6
21.7
20
23
22.5
24.3
23.5
24.7
26.9
23.2
22.1
19.6
22.2
21.1
22.8
26
20.5
23.8
24.6
23.9
21.6
24.5
19.7
25.1
22.1
22.7
24.7
20.7
26.2
24.9
23.8
18.5
22.9
25.2
21.8
18.1
22.6
24.4
21.7
27.8
27.3
22.2
25.7
23.7
26.9
25
20.3
20.1
19.8
23.6
24.9
19.7
24.5
25
25.6
21
21
25.3
22.3
27.9
21.5
20.3
22.7
25.6
25.5
26.7
25.3
25.3
27.8
24.2
21
22.1
23.2
19.7
24.9
24.9
22.2
19.7
22
24.5
26.3
23.3
24.4
20.5
20.4
22.5
24.8
20.3
22.7
21.7
23.2
26.5
24
19.3
23.7
21.5
23.4
21.5
24.5
22.8
23
24.6
21.5
23.5
24.3
22.4
19.7
24.6
22.8
20.6
18.2
24
25
21.9
26.4
23.4
20.9
21.7
20
24.1
20.6
23.8
26.3
23.6
22.7
19.7
24.8
22.5
23.4
21.1
20.5
21.7
25.1
24.8
23.4
14.4
24.3
21.4
22.2
23.7
20.7
20
25
23.9
27.2
23.2
26.3
27.8
24.2
24.8
24.2
23.1
19.9
23.3
22.1
21.8
26.7
21.1
26.2
24
19.7
22.4
23.7
23.7
27.9
24.1
23.5
25.6
25.4
22.1
25.8
25.9
24.6
24
28
22.3
23.2
17.9
24.1
21.1
26.2
21.1
23.8
21.3
24.3
20.3
22.9
24.7
26.3
19.1
23.5
19
19.3
21.5
17.6
24.8
20.9
17.6
24
20.7
23.4
22
20.8
27.6
22.9
23.6
23.2
25.2
20.7
24.8
23
20.6
25
20.6
21.4
24.1
22
22
16.9
23.5
22.7
24.6
23.2
23.7
24.4
23.7
25.2
23.7
24.8
20.6
23.4
23.2
27.7
17.8
22.4
21.8
21.2
23.8
20.1
23.5
25.9
23.9
23.6
24.9
25.3
20.1
24
25.3
26.9
26.8
21.7
24.3
22.3
21.4
23.4
27.2
26.9
25
20.5
22.9
25.9
21.6
23.8
22.4
20.7
27.6
22.5
20.8
22.4
23.8
26.1
23.9
24
19.4
24.7
20.1
26.4
22.7
22.6
23.9
22.8
24.1
27.2
18.8
23.1
21.1
23.9
26.8
22.4
20.9
27.6
20.7
27
24.2
23.3
23.2
22.4
20
26.3
19.4
24.7
20.8
23.3
22
26
26.9
23.3
22
22.6
22.6
23.8
26.5
23.5
26
19.9
21.1
21.3
24.1
23.9
19.2
20.9
22.2
23.8
25.4
27.1
20.3
26.3
25.4
22.4
19.8
20.4
28.7
22.1
22.8
25
13.6
23
27.2
25.7
20.6
28.7
24.3
25.4
25.4
24.9
23.8
23.7
21.1
21.3
27.7
20.7
24.9
21.7
27.4
25.8
26.9
24.3
23.7
18
24
24.7
19.4
25.1
23.7
17.1
20.4
26.7
23.2
24
25.8
22.7
27.3
22.7
27.5
26.1
23.2
27.2
24.8
22.5
22.5
26.4
15.4
23.8
20.2
24.2
22.7
27.6
25.1
18.3
22.1
21.6
18.1
24.4
21.5
22.8
19.4
27
23.3
25.8
23.3
22.9
24.5
19.7
22
19.8
17.8
24.4
21.9
20.5
19.6
26.1
27.1
19.4
24.8
26
25.7
17.3
22.9
26.8
23.2
24.8
23.6
22.7
22.1
24.8
21.8
21.2
20.6
24.3
27.9
21.8
20.5
23.2
23.3
26.2
21.2
22.4
22.5
21.9
23.1
22
25.4
24.1
19.7
22.7
27.6
21.9
23.7
21.6
23.1
23
25.8
27.4
22.4
16.1
21.2
27.5
23.3
25
25.8
21.3
24.6
23.4
23.9
26.7
22.5
22.6
24.2
25.1
18.1
19.9
20.4
23.6
27.6
19.5
25.4
21.4
24.6
22.6
20.4
24.5
22.1
22
21.5
27.7
23.1
17.7
22.5
20.2
17
24.1
23.9
24.7
22.8
25.2
22.8
21.3
26.6
26.5
17.4
25
26.4
23.2
27
26
23.6
22.3
17.3
20.2
27
23.6
25.5
25
18.3
27.2
22
21.6
25.2
16.4
22.9
24.8
24.4
25
22.1
23.4
24.2
25.1
24.7
24.7
24.1
21.1
25
19.7
26.2
20.6
22.1
25.1
18.8
24.4
21
25.8
22.5
23.3
19.7
23.7
22.5
22.5
19.5
25.5
18.6
21.6
22.5
23.3
25.2
21
22
22.9
23.1
27.2
22.5
22.5
22.7
21.8
18.7
26.8
23.1
26
19.8
23.2
22.1
20.2
23.2
25.1
24.3
23.5
23.3
20.2
20.1
20.7
23.1
22.2
19.8
24.9
23.8
24.7
25.6
22.9
22.2
26.9
22.3
22.5
18.2
24
23.9
25
28.8
24.2
24
22
21.7
22.1
22.3
21.9
23.9
26.2
20.5
21.7
21.2
26.9
22.5
21.1
24.3
22.9
22.8
26.2
23.7
22.5
26.3
24.1
21.3
24.8
18.1
25
24.3
18
24.1
23.4
25.1
16.7
25
21.3
21.5
21.3
22.5
22.4
27.2
23.5
25.3
27.9
24.7
23.8
20.5
22.7
17.6
22.9
21.2
23.1
26.7
22
20.9
24.1
23.2
23.7
23.1
20.3
23.8
20.8
23.4
25.8
25.2
16.3
24
25.2
23.3
18.2
25.7
23.3
28.3
16.7
23.7
25.9
24
21
27.3
19.8
22.2
20.6
20.2
24.3
23.2
21.3
23
24.3
24.8
19.8
21.7
26.5
23.4
26.7
22.7
24
13.3
20.5
18.6
19.6
20.9
20.7
18
24.4
25.7
22.8
25.1
22.1
20.3
23.9
23.3
23.8
25.2
22.2
22.1
22.7
24
23.7
21.8
19.6
25.7
26.2
22.3
23.9
21
23.3
21.8
25.2
25.1
22.8
23.8
23.3
26.1
22.2
17.4
24.4
20.8
21.5
23.1
20.5
24.4
23.8
25
27
24
22.2
26.3
22.5
24.1
26.5
22.9
23.7
20.4
21.5
15.5
23.1
22.2
23
24
24.7
23.5
21.7
18.2
22.9
26.3
23
25.7
28.3
20.3
18.5
26.9
19.9
20.2
17
21.8
19.5
26.5
21.9
21.3
22.3
21.5
22.8
17.4
23.5
23.9
23.2
25.4
21.4
24.1
21.6
24.8
20.9
24.6
24.1
18.6
26.3
21.9
22.2
23.2
23.6
21.1
22.5
26.4
25
23.1
27.2
24.8
17.4
23.6
21.8
23.7
26.5
28
20.5
25
20.6
23.2
26.5
23.6
27.4
26
21.8
22.4
15.5
27.2
26.5
23.5
26.8
26.3
24.2
23
15.7
19.1
21.4
19.7
24.8
19.6
27.1
20.3
21
22.7
26.6
25.1
26.5
19.3
23.1
20.4
22
17
20.1
25.8
23.6
19.1
23.8
21.8
29
20.5
22
21.4
27.5
25.2
27.3
20.2
19.5
19.1
22.8
24.2
27.1
25.2
23.3
22.9
24.5
19.3
25.3
23.9
25.9
21.3
22.1
21.6
27.2
21.2
24.4
20.9
24.6
20.9
21.3
24
21.4
24.4
20.1
20.3
20.9
23.5
22.4
23.4
23.8
19.5
20.8
26.2
24.8
21.2
25.8
22.7
23.6
21.7
23.3
21.7
23.7
23.1
23
22.9
20
24.4
20.4
21.9
23.8
24.9
26.7
23.7
20.8
19.1
20.5
20.6
24
20.3
21.6
19.4
25
23.3
19.7
24.2
21.3
24.4
24.3
16.6
20.7
23.8
21.5
24.4
22.1
24
20.5
25.9
26.1
24.2
17.6
21.7
21.4
22.1
21.9
20.5
20.3
27
23.5
24.7
21.4
21.6
24.3
21.8
22.1
23.8
26.7
24.3
17
22.7
24.5
27.3
25.4
23.9
23.9
22
22.6
22.5
18.6
23.5
20.7
22.3
19.7
20.9
23.6
23.1
24.9
22.8
22
25.2
22.1
22.3
22
23.7
23.5
24.1
22.8
21.1
20.7
17
24.2
19.8
21.8
19.9
23.9
26.7
24
23.5
20.9
24
23.3
24.7
21.5
24.2
23.8
24.5
23
20.2
23.9
27.6
25.3
24.6
25.4
26.5
16.4
23.9
22.5
26.2
16.6
21
23.5
23.9
26.6
18.8
18.9
23.4
23
17.3
24.9
26.7
26.7
24.3
21.8
22.1
18.4
25.6
22.6
24.2
20.5
21.7
24.1
23.6
22.9
20.3
21.3
20.6
23.5
20.7
23.6
23.1
25.3
26.8
24.3
24.7
23.2
23.4
21.2
22.9
26.3
16.7
25.3
19.5
22.1
23.8
20.7
19.2
25.8
26.5
18.9
21.3
22.5
23.5
23.4
20.4
23.2
24.6
21.2
22.9
27.4
19.4
21.2
27
23.6
22.8
21
23.8
18.9
25.7
22.5
22
25.2
22.9
24.5
24.1
21
23.3
21.6
25.5
24.8
20.2
18.9
25.9
24.2
24.9
19.8
21.4
21.2
19.8
24
21.5
20.1
18.4
23.9
19.6
24
23.9
25.8
23.7
21.6
22.4
22.8
21
21.5
20
23.2
27.3
21.4
18.5
21.4
20.4
22.2
23.4
24.1
25.8
20.4
18.8
24
23.5
22.3
28.3
22.3
23
18.4
26.1
25.6
20.8
20.9
20.7
20.3
24.1
24.4
26.4
19
22.9
23.7
23.3
20.9
21.2
23
22.8
20.8
22
26.2
24.2
25.6
20
27.4
20.7
24.3
24
26.2
24.2
21.4
24.1
19.2
23.5
20.7
24.6
20.3
24.8
21.7
22.7
23
19.8
26.9
23.3
20.4
22.9
22.8
26.1
20.3
21.9
25.5
24.3
22.6
18.4
17.4
20.2
25.5
24.4
22.1
24.1
25.4
20.7
25.7
24.7
27.5
22
20.4
23
20.2
26.5
26.3
20
19.4
24.2
23.7
18.9
21
22.7
22.6
25.4
21.7
24.9
21.5
21.3
25.1
20.1
22.5
26.1
25.9
21.4
20.7
22
24.9
23.3
22.9
19.1
24.3
24.4
22.9
24
20.7
23.4
19.1
23.5
24.9
24.4
26.1
26.3
23.9
20.3
25.3
23
23.7
22.9
23.5
23
23.6
25.6
21.2
22.5
27.6
19.4
24.1
20.6
21.7
21.4
20.2
23.2
24
25.1
20.6
23.8
23.5
23.9
18.5
23.6
23.9
22.7
20.8
22.2
23.6
17.6
24.4
25.3
21.8
19.3
24.7
23.4
21.5
22
23.2
26
21.5
25.8
22.2
23.6
23.1
21.5
20.4
23.7
20.2
23.9
24.6
22.1
21.2
22.2
22.7
20.1
17.5
17.1
22.6
24.5
26.1
20.5
23
24.1
24.8
18.9
24.3
24.9
26.8
22.3
19.5
23.6
23.4
20.7
26.8
20.3
21.5
24.2
20.1
27.1
26
23.4
24.6
24.7
27
24.4
23.5
23.4
22.4
24.6
22.1
22.2
22.5
24.2
16.5
20.9
22.9
23.8
18.4
26.5
22.3
24.4
15.6
24.3
24.8
24.7
18.5
23.8
19
24.6
21.2
22.9
20
22.8
17.9
25.2
24.4
20.3
24.1
22
19.7
22.8
26.2
26.6
25.5
21
19.1
23.4
24.4
24.2
23.2
20
21.9
17.7
22.9
24.3
21.4
27.5
23.8
22.4
22.1
25.4
24.7
23.9
22.9
21.8
20.7
23.4
23.4
23.6
24.3
22.1
23.3
24.9
21.2
19.5
23.3
25.6
24.4
22
19.6
21.6
22.5
25.5
21.6
21.6
23.1
21.8
22.3
25.2
24.5
23.5
21.4
22.9
19
27.2
21.7
19.7
26.7
24.8
24.3
22
24.3
25.1
20.6
21.5
24.3
19.3
20.5
21.1
22.8
22.4
19.4
22.1
22.8
19.2
23.3
22.1
21.8
22.9
20.3
23.8
21.2
23.2
21.7
26
22.9
15.5
24.6
25.5
20.6
21.2
24
25.3
22.5
27.3
25.2
21.7
22.6
16.6
23.6
23.7
24.3
22.3
25.2
25.7
17.3
24.8
21.7
21
25.8
23.1
21.8
22.4
20.7
23.5
26
26.6
21.9
24
17
24.3
22.4
21.1
22
28.2
22.2
21.8
26.1
22.9
22.2
22.8
20.4
22.8
23.1
20.8
22.2
18.1
19.8
24.3
25.3
23.6
19.7
22.4
19.9
24.8
23.7
23.8
22.8
18.6
28.3
23.3
23.2
21.2
18.2
20.5
17.8
22.7
26.9
23.4
19.4
24.4
19.5
21.8
25.4
22.9
21.7
22.5
15.9
25.3
24.7
20.6
26.3
25.8
22.8
23.2
24.7
23.3
22.1
20.8
21.4
24.2
22.4
18.8
23.9
23.5
27.4
24
23.2
23.5
20.1
21.5
21.7
27.6
22.7
23.6
23.1
23.7
26
24.9
24.8
22.9
17.9
24.3
20.5
23.4
27.2
23.4
22.4
24.1
23.5
22.2
25.9
23
25.8
21.3
23.2
27.2
22.7
24.9
21.6
23.2
20.5
20.8
23.5
24.8
25.2
23.3
20.1
24.7
22.5
23.2
18.3
21.8
21.6
24.9
23.8
24.9
22.7
23.8
21.1
24.9
20
24.3
23.5
23.2
25
20.3
18.5
21.8
23.6
26.5
21
22.1
18.4
24.3
20.3
23.8
24.4
20.8
23.1
22.4
24.2
20.7
20.6
22.7
24.2
22.6
22.3
16.6
21.7
21.8
23
21.5
20.3
23.6
27.5
26.7
19.9
16.4
25.1
24.9
23.4
23.3
21.3
24.5
19
21.6
23.9
20.5
25
23.4
23.4
24
26.1
26.2
21.8
23.8
23
23.6
26.6
22.2
23.9
20.5
24.8
21
23.8
21.6
18.7
22.9
25.6
22.8
25.1
25.8
22.9
23.4
18.2
18.9
23.8
27.7
25.8
23.8
21.2
21.6
25.4
24.3
23.2
24
26.7
20.2
23.2
24.7
23.2
18.1
22.9
22.7
27.3
22.8
23.3
24.4
23.2
20.2
24.7
19
22
24.3
23.7
21.2
25.7
24.3
22.5
26.3
21.2
23.9
23.6
22.1
21.3
25.4
18.7
21.3
25.7
20.9
23
19.5
24.5
20
22.8
21.5
18.2
24.3
21.5
21.7
21.4
25.2
26.5
21.2
22.4
24
20.9
25.2
18.3
25
26.8
23.2
23.4
22.7
24.9
23.5
24.8
21.1
21.9
22
21.4
20.9
19.3
20.9
24.3
21.7
23.5
23.2
20.4
18.5
22.5
20.9
18.7
24.5
26.3
21
23.6
22.8
24.2
21
23.9
23
23.6
24
24.8
22.1
23.3
17.9
22.3
22.4
19.5
17.3
22.6
23.1
21
25.7
26.2
23.2
22.3
24.9
26.5
22.9
23.6
20.7
28
22.2
26
27.8
18.8
21.2
16.5
21.5
25.9
21.7
19.9
24.2
25.5
25.7
21.3
21.5
19
26.7
22.5
23.4
21.5
20.9
22.8
22.4
25.2
23
24.2
25.8
22.2
23.5
18.2
27.3
25
21
20.5
22.8
21.5
21.2
18.9
24.1
22.2
19.5
24.8
26.8
25.5
24.3
19.6
24.3
19
20.9
20.9
23.1
27.7
23
20.2
22
24.9
23.7
22.5
22.6
20.5
24.9
24.2
20.4
22.7
29.1
21.9
22.8
23.6
23.3
23.1
19.3
21.8
24.5
25.4
22.1
21.6
27.1
21
25.3
23.8
21.2
23.4
21.3
23.8
23.9
22.5
22.6
19.9
21
23.9
21.9
24.7
23.6
20.7
25.5
22.3
20.9
22.8
22.5
21.4
24.1
24.6
24.1
25.6
23
24.9
23.9
17.5
26.2
21.5
22.7
22.7
27
22.7
19.8
26.1
19.2
24.4
24.1
22.6
21.8
25.9
21.5
23.7
22.4
18.8
19.9
23.6
18.8
21.4
17.4
21
20.1
21.9
23.5
20.2
22.7
24
26
23.5
24.9
21.6
28.1
19.9
27.7
16.4
22.7
22.8
22.7
25
21.8
24.5
26.1
20.4
24
22.5
25.5
27.4
23.8
22.9
21.6
22.4
26.3
25.1
23.1
22.3
20.9
24.2
20.5
16.2
21.2
27
24.6
24.1
21.2
21.8
24.7
20
24.6
23.9
18.3
27.2
19.4
21.7
24.8
25
22.1
24.6
20.7
25.1
20.7
20.5
25.7
27.2
20.5
26.3
21.8
23.6
20.8
23.4
24.1
16.4
20.9
24.1
20.4
25.8
21.5
20.7
19.6
20.1
26
25.5
24.2
23.4
19.3
16.8
23.2
21.7
23
16.7
19.3
19.4
23
23.2
21.6
24.5
23.9
22.6
24.8
13.4
25.6
22.4
20.7
25.4
21.1
24.8
22.3
24.4
23.1
24.7
23.2
24.5
23.4
23.9
24.5
22.5
21.4
23.6
23
24.5
24.1
18
24
25.2
26.7
25.1
18.5
21.1
25.2
23.9
16
24
26.2
24.6
26.5
24.9
20.5
18
24
21.8
22.1
24.2
23.2
21.9
27.5
27.3
22.8
21.3
22.7
23.8
22.4
24.6
23.4
24.7
23.6
20.3
23.3
21.2
23.7
22.5
24.9
24.1
25
23
26.6
26.3
24.2
25
20.9
23.1
19.5
18.7
20.7
22.7
25
27.8
24.5
25.5
22.8
21.3
23.8
27.3
22
22.7
20.6
20.1
24
24.8
25.2
20.5
23.6
26.7
22.6
23.7
21.3
23.4
19.5
22.1
23.7
17.6
26.2
21.2
20
24.1
23.8
23
23.6
25.8
25.6
24.4
23.4
20.4
22.9
22.6
23.7
23.7
20.8
18.1
24.1
25.3
18.9
25.2
23
22.1
23.4
21
21.5
24.5
26.6
18.3
20.6
24
26
26
23.3
22.8
23.7
22
20.4
21.7
27.3
24.4
25.8
23.3
20.3
22.5
21.9
23.9
22.4
23.2
22.8
24.5
22.8
22.7
26.4
23.4
28.5
26.1
20.3
26.4
17.7
20.7
18.5
22
20.9
23.5
21
23.7
24.1
27.5
27
23.1
18.9
23.2
27.4
23.2
24.9
21.7
24.1
22.3
24.8
16.2
20.9
25.9
19.7
24
21.5
27.1
20.6
22.7
25
21.3
24.7
24.5
21.8
26.7
28
23.2
23.2
20.9
23.8
19.1
21.8
21.1
23.2
22.2
21
24.1
24.4
24.9
25.8
23.4
23.5
24.4
26.9
21.4
23.7
20.1
19
25.6
18.2
15.5
21.5
24.6
23.3
26
23.4
19.9
26.8
23.1
18.3
22.4
15
21.7
21.7
25
23.2
18.6
21.9
21.4
23.8
20
25.2
21.7
26.6
21.6
22.6
21.3
20.8
24.1
17.1
22.6
22.1
24.4
22.9
23.2
26
20.2
23.7
21.2
21.5
23.5
24.5
19.2
20.1
27.9
23.4
21.2
22.2
22
23.5
25.5
23.9
22.3
24
23.8
18.6
27.1
23.3
24.6
22.4
24.7
20.6
25.8
23
24.5
24.4
23.5
23.4
20.8
23.8
23.2
27
22.9
20
20.7
21.4
19.2
20.9
22.9
23.8
18.6
21.5
24.2
27.4
23.1
19.1
20.6
22.5
24.4
22.1
21.5
23.9
21.6
19.8
20.3
25.1
24.5
23.2
20.6
27.5
25
22.5
21.1
20.7
17.9
25
20.2
26.4
20.6
22
20
22.4
17.6
24.5
23.8
17.2
23.8
20.7
23.2
22.1
20.9
26.3
23.6
22.3
26.6
19.6
25.2
24.1
23.1
23
20.7
22.3
22.1
18.6
24.2
22.4
27.2
27
25.8
24.5
22.6
22.4
22.2
23.6
25
19.6
26
22.8
24.3
23.6
26.5
18
22.7
21.3
21
23.7
23.8
23.5
15.6
24.9
20.9
26
23.7
19.7
25.9
26.6
23.5
19.7
25.1
17.1
22
25
23.9
22.8
17.3
20.7
23.9
26.6
26.3
23.7
23.9
19.2
25.2
20.4
17.2
24.3
23.4
23.8
22.8
19.9
21.7
19.1
22.3
21.6
26.8
21.7
21
26.8
18
22.8
18.3
28
28.8
23.4
24.1
23.3
21.3
21.1
22.8
22.9
24.8
22
23.7
21.6
23.1
24.7
26.2
23.4
23.9
20.8
22.7
19.8
26.2
24.5
24.2
25.3
23.1
23.4
20.8
24.6
24.3
24.5
22.4
27
21.2
26.4
26.4
23.1
25.9
22.7
24.8
25.8
21.9
22.5
24.3
25.5
23.2
23.8
27.7
28.4
20.3
26.9
23.5
23
27.2
24.8
23.9
23.4
18.4
26.4
27.1
20.6
26.2
23.2
20.9
23.2
22.6
23
16.6
23.5
26.1
25.9
21.7
23.7
25.1
26.6
26.5
24.2
16.4
24.5
23.3
18.3
22.4
24.3
23.6
22
23.1
23.1
23.4
25
21.4
22.3
19.3
20.9
25.8
22.7
23.1
24.3
26.2
21.3
23.8
27
21.2
24.9
23.7
23.8
25.3
21
24.3
25.1
25
27
22.9
22.6
19
23.3
22.2
24
23.3
18
21.8
25.3
25.8
22.8
25.1
24.2
25.3
24.3
20.8
23.7
21.9
20.2
22.7
25
20.8
24.4
22.1
22.9
19.4
27.5
23.4
21.2
23
26.2
24.6
25.7
24.7
20.4
27.5
25.1
21.2
24.8
22.2
26.8
24.1
23.5
22.7
19.8
24
20.2
25
21.9
24.8
24.7
27.2
20.7
23.2
20.4
22.3
15.6
19.1
20.6
20.2
25.1
24
26.9
24.6
22.6
16.6
18.5
22.6
23.2
25.3
24.8
27.3
19.9
24.1
24.6
24.7
21.2
20.1
22.1
24.2
25.5
16.5
26.5
25.4
24.4
27.8
21.6
23.2
18.2
22.2
23
19.4
22.6
23.3
21.5
25.3
22.7
23.5
26
21.2
25.5
21.5
24.4
21.9
24.6
22.4
16.7
26
24.7
25.8
19.8
18
23.9
24.3
21
20
20.2
17.4
22
26.3
15
16.8
24.4
20.4
23.8
23.4
20.9
25.4
26.8
26
24.9
20.3
21.5
25.9
22.9
27
25.3
22
19.5
23
21.3
24.1
25.2
18
23.9
22.6
23.2
26.7
23.4
23.4
22.8
22.8
24.2
25.4
22.4
24.1
23.4
27
21.4
22
19.9
18.7
23
19.6
23.5
17.8
20.6
22.2
21.9
20.3
22.4
25.2
24.7
19.2
22.9
19.6
24.6
26.9
21.3
23.7
23.2
25.4
23.8
23.2
27.3
22.7
20.5
22.5
26.6
23.2
26.2
24
22.7
21.4
27.3
23.5
23.3
21.4
22.8
22.9
22.9
22.6
24.9
18.3
19.3
22.8
19.3
23.5
20.8
24.3
22.1
21.9
24
25.6
20.5
23.4
19.3
26.2
23.7
23.8
23.1
23.6
22.5
22.1
21.9
24.7
22.9
18.1
21.3
20.4
20.7
24.9
20.6
23.8
24.3
19.6
20.4
25.4
27.1
22.1
19.8
23.3
23.1
21.8
23.4
23.2
19.2
22.6
23
24.9
18.4
22.1
21.4
24.8
28.7
21.6
21.6
26.4
23.3
22.8
26.5
22.4
25.4
21.9
23.6
24.4
23
26.5
23.6
20.2
20.2
23.9
24.2
24
23.6
21.6
23.6
21.4
20.2
19
25.4
20
18.8
23.4
18.8
20.2
20.9
25.6
22.6
20.2
26.8
24.5
22.7
26
20.5
20.9
22.7
22
21.7
21.8
23.6
24.1
25.3
25.6
27.4
21.1
21.4
27.7
23.6
25.4
16.7
24.1
25.1
27.4
22.6
23.4
22.8
18.3
25.6
19.6
24.5
21.9
16
23.9
27.6
21.1
25.3
21.9
25.7
25.3
22.6
24.4
24.6
16.3
24.6
22.3
22
22.2
22.9
22.2
24
26.4
24.1
20
22.3
19.1
26.6
22.3
26
19.7
26.4
23.3
25
24.7
25.3
18
19.6
21.7
24.5
26.8
20.7
23.6
19.1
19.9
20.9
20.3
26.7
23.6
22.8
24.9
21.6
24
26.7
27.5
21
23.6
27.2
18.8
21.9
27.1
18.6
26.2
26.8
23
25.2
24.2
23.8
24.5
23.2
25.6
22.8
22.5
27
22.7
23.1
20.5
20.7
21.9
23.2
21
24.9
20.8
25.8
26.9
20.5
23.3
27
22.6
22.2
23.1
24.7
26.8
24.8
19
24.2
17.2
23.5
24.9
23.9
23.5
26.7
24
20.5
25.4
24.9
21.8
15.7
22.5
22.1
19.9
25.1
24.8
23.2
23.2
23.8
23.5
25.4
27.2
21.8
27
27.4
24
26
19.7
22.5
25.7
20.4
21.1
23.5
22.6
22.6
24.5
20.5
21.9
20.3
19.1
22.7
25.7
26.8
23.6
25.5
24.8
26.8
22.1
24.7
26.1
23.8
23.4
26.5
18
25.6
25.9
23.8
19.1
21
21.6
27
23.5
23.2
15.2
26
19.9
21.4
26.2
26.8
23.4
20.7
26
24
23.7
19.8
21.5
25.2
23.7
24.1
20.8
25.7
22.7
19.9
22.9
23.7
20
24.7
24.6
27
27.4
22.9
23.3
19.7
26.9
25
26.4
25.9
23
24.8
24
18.8
23
23.5
20.2
16.4
24.3
25.2
26.9
23.5
25.3
23.7
28.4
22.6
24.1
25
24.7
25
22.5
26.8
26.2
20.4
25.8
24.9
23.6
24.9
24.2
20.5
24.8
23
21.3
21.5
22.8
24.8
19.5
23
22.6
22.9
25.8
15.8
24
22.7
22.1
20.8
27
23.2
18.6
27.1
21.9
18
24.3
21.8
26.4
15
23.2
21.4
26.9
26.9
25.2
17.9
24.3
18.4
23.5
23.4
23.1
25.7
24
24.5
23.8
25.1
22.5
25
21.6
24
25.6
25
27.3
21.3
24.4
22.4
19.4
27.5
24.5
25.3
20.1
24.3
23.8
20.4
18.1
25.4
19.4
20.6
24.1
20.8
22.5
26.2
26.1
24.6
24.7
24.8
17.6
24.2
22.3
17.8
20.1
23.5
23.1
23.7
22.7
19.7
20.8
25
19.4
24.3
26.7
24
21.8
20.2
25.1
26.9
27
23.4
20.2
22.3
23.7
23.5
23.8
23.7
23.6
23.9
19.6
26.5
21.9
24.4
20.9
23
23.7
25.1
23.7
27.3
24.6
23.1
18.8
23.3
23.7
25.4
22.3
21.7
24.5
24.2
20.9
23.2
21.9
22.4
20.2
23.1
19.8
21.9
23.2
18.5
22.5
19.9
23.9
25.2
27.5
24.4
23.9
22.9
23.2
26.3
25.3
23.2
23
26.2
20.9
21.1
23
21.8
25.1
20.7
20.9
23.4
22.4
22.3
19.7
23.3
25
25
19.6
26.3
25
23
24
23.4
23.3
24.4
23.7
22.4
24.8
23.5
19.8
20.5
23.9
23.2
21.9
20.3
17.4
21.4
23.9
23.6
21.9
22.2
21.7
22.4
23.6
20.5
22.1
23.4
22.1
19.5
26.2
17.6
23.6
24.3
23.7
24
21.6
22.4
23.7
26.8
20.4
23.4
24.9
24.2
23.2
21.8
22.8
25.3
28.1
18.7
22.4
18.4
25.6
23.9
23.2
24.8
21.6
27
21.6
22.7
19.1
24.2
20.6
19
23.3
22.7
21.3
24.1
26.3
25.4
22.4
19.1
25.2
21.2
26.4
19.2
19.5
24.7
21.4
23.6
26.2
20.1
20.4
20.8
20.9
24.8
24.9
20.1
26.5
25.9
20.8
23.4
25.9
24.6
25.6
24.5
26
23.8
27.2
22
22.9
21.5
17.8
20.7
19.8
23.1
28.6
24.3
21.8
21.8
22.8
22.8
23.8
24.5
25.7
23.5
23.2
20.8
16.7
24
23.5
23.5
21.2
22.1
22.3
24
21.2
22.6
25.3
25.5
22.8
19.2
22
22.4
13.8
20.1
23.4
21.9
23.7
24.2
20.8
22.6
25.7
25.1
21.5
21.4
18.7
20.3
23.3
24.7
24.5
26.7
27.9
24.8
22.1
25.5
24.8
22.3
21.3
21.8
20.9
22
26.6
23.6
26.4
26.5
22.4
24.9
22.2
20.9
25.4
22
26
23.9
26.2
24.1
23.4
24.6
21.8
17.9
21.5
23.5
20.9
25.2
22.8
21.9
21
23.5
23.7
23.8
21.7
24.9
20.9
23.5
23.9
20.1
22.9
23.5
22.1
22.6
22.9
22.2
20.6
23.3
25.2
26.6
24.8
23
27.2
26.6
26.9
20.9
22.2
17.6
25.3
21.1
22.3
26.6
24
19.7
23.4
23.5
23.5
21.4
20.5
23.3
25.7
26.5
23.3
19.2
23.8
24.3
25.8
23.2
20.1
23.2
24
20.9
20.4
17.5
19.3
27.6
20.3
24.2
23.7
23.6
18
20.5
24
22.4
19.9
22.9
18.5
21.2
23.9
18.8
21.7
21.9
24.6
22.1
19.5
20.4
16.6
25.6
23.2
23.1
24.8
25.5
16.6
21.7
20.9
25.3
25.6
21.8
24.9
15.7
20.5
24.4
18.1
23.2
21.8
22.2
23.9
23.6
19.8
22.1
26.7
22.5
25.9
27.3
19.6
26.8
24
23.6
23.3
20.1
24.8
22.5
24.8
23.3
26.7
26.1
20.7
19.5
23.8
22.3
18.3
22.7
23.1
27.1
22.9
22.1
22.9
20.7
23.5
25.6
25
22.7
26
21.8
21.4
21.9
16.5
21.9
24.2
19.5
24.8
26.5
20.9
24
26.3
22.2
18.5
20.5
23.1
21.2
21.4
25.3
22.5
26.2
23.9
21.7
25.2
25.1
25.3
24.9
24.4
23.2
19
23.9
28.6
23.1
22.5
23
24.3
21.4
22.1
23
20.1
23.6
23
24.5
23.2
27.7
24.8
26.6
26.9
21.9
23.1
23
27.5
25
26.6
23.8
23.9
24.6
23.3
21
23.5
23
26.2
19.8
24.4
26.8
22.9
26.6
19.1
21.9
22.3
21.9
23.6
26.6
23.9
26.6
24.2
22.4
25.8
19.5
27.4
18.6
15.1
26.2
19
23.8
25.1
23.2
21.9
23
17.9
28.4
27.6
20.6
24.9
22.9
24.7
23.5
24.9
23.7
24.4
24.3
24
17.5
25.7
22.9
27.1
19.6
27.6
19.8
23.4
26
24.6
23.9
17
24.5
21.3
22.9
22.2
26.9
14.1
23.7
26
24.9
24.1
21.5
24
22.9
19.4
21.5
20.5
19.1
24.5
26.7
26.3
21.2
22.9
22.7
24.8
18.5
23.2
24
26.8
24.5
18.9
21
20.1
24
24.6
22.7
23.7
18.3
25.4
21.3
24
19.8
21.6
21.3
26.2
25.9
23.8
21.9
24.1
26.5
20.8
25
24.4
21.1
21.2
20.6
25.2
25.3
25.4
27.1
24.6
25
25.8
22.6
23.4
24.6
22.3
19.1
23.3
19.7
26.9
24.8
22.1
22.1
23.5
21.9
25.5
24.4
23.4
20.5
22
24
25.7
24.6
22.2
22.6
23.4
23.5
26.3
20.9
22.7
22.6
21.7
23.5
24.5
23.6
25.7
24.4
17.5
14.6
21.6
23.3
25.7
15.1
21.5
25.4
22.1
23.8
23.8
24.1
21.5
22.2
25.3
20
26
26.7
18.1
22.6
17.7
23
22.1
17.8
18.4
21.1
23.7
22.1
23.4
20.5
26.5
21.6
23.3
22.9
24.5
23.8
25.5
24.2
22.1
29.5
25.3
25.8
21.2
20
18.7
19.1
22
21.6
27.2
20.4
26
20.5
25
26.6
23.8
25.9
22.4
19.3
18.8
27.2
24.2
22.8
22
26.1
23.9
21.1
24
19.9
26.3
22.6
25.1
22.4
21.1
21.7
23.1
25.8
22.4
21.8
22.8
25
24.9
23.6
26.9
26.4
24.2
19
20.4
17.6
27.2
17
23.5
21.6
21.6
26.7
17.3
27.1
26.7
20.8
22
22.9
20.1
24.6
22.9
19.2
23.8
24.3
22.1
21.3
25.2
25.2
20.9
22.6
23.5
26.7
25.6
25.3
24.2
24.9
19.9
22
22.8
20.8
23.6
26.5
22.2
17.2
24
19.7
22.3
26.6
19.5
20
23.9
18.8
22
23.6
16.5
24
22.9
25.4
22.1
20.2
27
24.4
23.6
24
19.6
24.3
22.2
21.4
24.2
25.9
20.7
18.3
26.9
26.2
22.3
23.3
23.4
22.9
23.7
21.1
23.5
25.5
22.7
20.9
21.8
24.2
25.9
15.4
22.9
23.7
23
22.9
21.7
23.4
25.7
22.6
25.8
22.7
22.5
21.2
23.8
26.4
19.3
23.2
23.8
20.1
22.7
23.8
23.7
24.8
24.3
24
22.2
22.9
20.7
25.2
22.1
18.4
26.6
22.3
23.8
24.8
25.6
23.4
18.1
20.3
21
27.2
22.9
23.5
24.7
23.7
23.2
22.6
28.3
23.2
18.9
25
24
25.8
22.9
26.2
20.3
27
27.8
21.4
23.7
24.6
24.6
19.8
25.9
27
26.7
23.5
20.4
25.5
22.8
26
21.3
21.3
20.4
21.7
19.5
23.5
26.3
26.5
26.9
23.9
22.9
24.1
24.8
25.7
22.9
26.2
24.5
25.8
26.2
19.9
14.7
24.7
24.4
20.8
19.6
23.6
20.8
21.5
23.9
23.4
22.9
22.6
26.1
22.4
24.4
24.7
23.1
25.7
19.4
21.9
26
26.3
21
24.5
23.3
24.4
23.4
24.3
24.5
21.4
19
23.3
24.6
23.4
20.7
19
23.7
25.3
20.3
19.7
19.6
24.5
22
22.1
23.1
24.8
27.6
20.5
23
26.1
21.4
23.7
14.4
23.1
22.4
26.2
24
20.4
23.5
20.5
23.4
21.4
24.3
25.4
21.5
20.5
16.6
23.5
18.8
27.3
23.2
23.6
25.7
17.8
24.6
22.6
22.7
23.1
26.7
23.5
24.2
18.7
21.5
22.4
21.3
25.1
25.6
19.2
23.1
23.7
22.7
20
19.8
21.3
22.9
27.5
25.2
18.8
22.1
24.9
23.7
19
23.9
20.6
17.1
23.7
25.7
27.8
22.2
20.7
18.3
22.1
22.7
24.7
23.8
20.9
24.8
27.5
21
25.7
19.6
22.1
24.3
25.7
20.8
22.5
19.1
22.4
26.1
24.4
25.6
25.5
24.4
19
16.4
21.5
24.7
21.5
20.2
23.9
26.6
25.7
25.3
19.8
25.6
26.1
26.6
28.3
22.7
21.9
25.8
21.5
23
20.9
23.6
25.9
20.3
17.5
20.5
23.5
25.4
23.4
25.2
23.8
21.2
24.6
24.5
26.3
22.4
23
24.7
21.8
24.1
19.5
22.1
20
23.5
27
22.3
24.5
21.8
25.7
23
22.2
19.7
18.6
18.3
24.6
24.3
28
24.6
23.6
23.9
23.3
20
24.9
24.3
23.9
21.8
22.9
22.5
20.1
19.6
22.3
23.3
24.8
27.4
24.5
24.7
28.1
22.5
23.6
22.8
27.7
21.7
20
24.6
23.3
27.2
20.7
23.9
24.5
22.5
22.1
22.8
24
24
22.5
23.5
25.3
24.1
24.2
22
25.9
20.7
24.8
24
28.6
23.4
17.8
24
22.6
19.9
20.1
23.6
20.3
23.2
23.5
20.5
23.5
22.9
27.5
26
22.2
18.2
24.1
24.6
24.1
22.6
15.5
23
17.5
19.3
24.2
22.4
24.2
22.9
26.1
23.6
22
18.8
26.1
20.9
21.8
18.7
25.6
18.7
20.5
25.4
21.3
24.6
26
24.8
20.3
18
24.8
22.1
23.2
18.9
23.1
22.2
22.3
23.4
21.9
21.5
21.3
25
23.5
24.3
22.1
23.2
25.2
22
23.5
19.1
23.7
22.5
23.2
21.4
23.5
25.7
23.9
19.5
25.3
22.6
19.4
21.6
20.4
23.5
22.7
22.2
23
24.7
20.9
23.2
22.9
22.5
21.8
22.9
23.2
19.6
23.5
16.4
22.7
21.6
26.5
24.2
24.8
23.7
24.2
22.2
15.8
26.8
18.8
25
20.4
20
21.5
24.7
22.4
24.4
19.6
20.9
22.1
20.2
24.5
21.3
21.3
27.4
22.4
20.4
23.1
25.7
24.8
21
24.6
23.4
24.3
21.7
22.4
25.9
27
24
21.9
22.8
23.5
21.3
24
24.6
23.5
21.8
20
23.1
20.6
20.5
22.7
20.6
15
16.5
19.8
25.2
22.6
19.7
24.9
26.8
22.2
23.1
23.6
26.3
18.9
26.6
26
22.6
21.5
21.3
20.1
21.2
24.2
24
26.7
18.6
23.3
24.8
20.3
23.1
23.3
23.4
22.8
21.5
20.1
26.7
25.9
21.5
19.2
24.5
22.6
26.5
23.5
17.9
26
26.5
22.8
21.7
24
18.9
22.8
21.6
22.4
24
24.5
21.3
24.3
27.4
19
19.6
21.8
22.4
22.4
22.2
17.7
21.3
23.1
24.6
20.2
21.9
25.3
20.1
21.7
23.9
20.9
23.4
20.2
18.8
24.6
21.2
24.9
25
23.1
26.8
24.5
23
27.2
20.8
21
20.2
22.3
23.9
20.6
23.8
26.3
23.1
22.3
16.8
25
23.2
23.3
24.2
23.1
23.7
24.3
21.6
21.7
26.2
22.2
23.9
21.3
24
19.6
22.8
22.1
23.7
24.7
23.2
20
19.8
25.5
21.3
20.9
24.2
22.5
23.3
21.1
23.5
26.5
22.2
21.6
23.9
26
27.9
22.8
25.1
26.2
24.2
24.3
20.4
21.9
23.2
23.2
25.7
23.4
25.2
26.8
26.8
23.7
20.7
27.2
24.6
25.7
25.5
23.8
24
20.4
18
22.4
24.2
20.8
17.8
23.5
21.5
23.8
22.7
23.7
24.9
24.4
24.4
24.3
22.2
25.1
27.5
25.3
22.7
22
21.4
23.4
24.2
23.8
24.4
22.7
21.8
15.7
26.4
23
24.2
25.1
19.6
24
20.9
21.6
22.5
23.3
20.3
21
19.5
25.2
24.3
21.4
22.2
24.7
23.8
23.4
20.1
21
22.7
21
23.8
26.6
22.5
22.7
25.2
24
23.3
25.8
23.9
23.7
21
26.6
27.1
23.3
22.9
23
28.3
21.9
22
23.6
28.4
20.9
26.5
26.5
23.9
22.3
22.3
23.4
25.4
23.1
24
21.6
23.1
22.1
25.3
27.4
20.9
23.5
23.5
21.1
20.9
25.3
23.3
27.3
21.2
24.1
23.7
26.1
27.7
19.8
21.5
15.9
22.4
20.9
27.5
21
23.4
22.6
23.5
22.7
21.8
19.7
24.5
20.4
22.8
22.7
24
22
24.2
22.7
21.8
26.3
22
16.5
24.2
22.3
20.2
18.8
21.3
21.5
24
20.6
21.9
26.1
19.5
26.1
23.9
23.8
22.4
28.1
24.2
22.3
23
22.3
23.6
26.2
22.8
23
20.8
27.1
22.7
20.6
21.8
20.9
25.9
29.4
23.9
22
22.8
23.2
24.1
17.1
26.6
18.2
27.3
22.7
17.6
23.2
26.1
23.3
21.3
22.9
22.7
25.1
17.2
23.2
21.9
26.8
26.1
23.1
27.6
26.8
26.6
24.2
25.2
21.7
21.9
25.4
22.8
25.5
25.7
24.1
21.6
19.2
24.5
15.8
25.1
24.2
20.1
21.9
23.4
23.4
20.5
23.1
27
19
20.2
22.7
22
24.2
19.8
22.7
25.8
23.6
21.5
17.5
24.7
23.3
22.9
23.4
23.8
15.9
20.7
21.6
22.7
24.8
20.7
21.8
22
19.5
18.2
21.1
24.1
20.4
23.7
21.9
23.4
23.2
23.4
23.8
23.9
21
24.2
22.4
27
18.9
21.1
22.8
24.6
23.2
19.7
25.2
27
22.4
26
27.5
23.8
19.1
26.2
25.5
26.6
20.1
18
24.8
22.4
21.9
26.8
23
19.7
26
25.5
20.4
25
26.3
18.2
16.8
21.4
23
19.6
20.6
26.7
24
21.3
25.6
23.8
27.9
25.8
22.2
24.6
24.4
27.7
26.4
25.2
24.5
21.8
20.6
23.4
23.5
21
19.9
21.9
24.9
26.1
23.1
23.6
20.3
27.7
23.1
21.3
23.3
20.7
23.1
22.7
17.3
21.9
26.9
23.4
25.2
26.4
18.7
23.7
23.8
23.5
23.5
21.5
20.1
20.4
22.3
22.1
22
24.6
24.1
22.9
24.3
25
17
22.1
18.4
27.7
24.4
22.8
22.5
22.7
26.1
20.5
22.6
22.1
24.9
20.7
19.5
21.4
25.1
23.1
22.1
19.5
24.8
22.7
21.3
25.5
26.3
19.2
23.1
26.9
22.9
21.5
27.5
21.7
23.4
22.2
24
25.5
22.4
19.3
26
23.6
24.2
26.3
24.3
22.5
26.3
17.8
28.3
25.6
24
20.5
25.4
22.8
24.7
17.8
20.5
23.6
21.5
24.1
24.8
22.9
17.5
23.6
27.5
20.5
25.2
27.3
25.1
22.2
23.9
22.2
24.8
20.9
23.2
20.8
24.1
26.2
23.9
24.2
25.1
21
26
23.8
23.9
17.2
19.4
20.5
21.8
18.7
27.5
23.7
22.3
23.2
23.3
26.6
22.8
23.7
26.1
22.9
25.6
19.6
20.7
22
21.9
21.8
27.1
25
21
20.6
25.5
23.6
27.6
24.3
20.1
23.8
25.8
21.6
24
23.5
25.1
22.8
18.5
20.1
21.4
23.1
24.8
22
24.4
16
20.5
22.3
23.7
25
19.5
16
20.7
26.9
27.1
26.7
26.1
22.3
23.1
23.2
23
20.2
24.5
24.8
25.6
20
24.6
26.2
21.7
21.4
20.6
20.9
23.4
19.9
20.7
19.6
23.2
27.7
26.7
23
24.1
21.2
20.9
24.2
22.3
21.5
21
23.5
23.4
22.9
21.1
23
24.1
23.7
20.5
21.1
21.7
20.2
21.1
23.8
21.6
22.4
24.5
21.2
23.9
24
20.2
24.8
24.1
20.8
18.6
25.2
25.5
26.8
22.4
26.7
18.5
21.9
25.7
24.6
26.5
25.7
22.9
21.4
24.1
22.8
27.7
24.8
23
21.2
24.6
15.5
23.5
22.2
25.4
24
24.9
22
23.4
23.4
24.8
23.7
24.3
24
19.4
21
23.6
21.7
22.1
23.1
17.3
22.6
22.8
21.8
25.5
22.5
23.6
20.5
24.4
21.6
24.3
19.8
23.2
25.6
17.7
23.1
23.9
24.9
20.1
24.1
23.4
18
20.9
23.8
22.7
22.2
25.3
27.4
23.4
19.8
25
24.2
26.2
25.9
23.4
27.1
23.7
23.7
23.8
21.8
25.8
23.2
21.5
21.2
24
23.8
23.6
20.4
20.2
24.9
18.8
24.3
24
24.1
26.1
24
20.8
19.7
21
21.5
23.9
26
23.3
20.1
22.6
23
20.6
21.2
15.4
17.9
24.2
20.6
24
21.5
23.8
28.1
24.7
26
21.5
24.4
26.1
18.7
22.6
24.4
26.8
26.6
22.7
21.4
20.5
20.7
21.4
21.3
23.4
28
22.8
24.1
20.4
23.8
24.1
24.2
22.5
26
21.6
24.6
24
23.9
22.1
19.7
22.8
19.9
20.2
20.7
22.2
22.6
24.5
22.8
22.4
22.1
20.7
23.6
23.1
25.9
24.8
24.2
19.8
25.3
23
23.9
21
22.6
23
24.9
23.1
21.4
20.2
23.4
23.9
27.2
25
23.8
21.7
20.8
20.8
18.2
23
19
20.1
19.2
24.7
20.2
23.9
26
17.4
22.1
23.8
23.5
23
23.6
16.5
23.5
19.5
24.5
21.6
24.2
27.3
20.2
27
26.9
18.9
17.5
25.1
25.3
23.5
23.1
23.8
25.3
24.5
26.4
23.4
23.5
24.5
24.6
24.1
25
24.1
22.6
22.8
21.2
22.8
18.6
19
25.7
19.1
22.1
21.9
23.8
16.9
20.4
21.2
24.7
22.6
19.6
22.6
21.1
24.8
24.6
23.3
23.4
20.8
20.5
22.7
23.7
22.3
22.9
23.7
25.5
27.3
26.5
26
23.5
22.5
26.8
24.1
27.8
22.4
25.5
23.5
21.5
18.2
23.3
27
27.4
22.1
24
21.4
22.5
24.4
22.8
23.1
22
22.3
26.2
25.2
23.3
23.6
23.5
19
23.9
24.6
23
21.2
17.5
24.1
22.4
23.1
24.9
21.7
24
20.1
23.1
22.9
23.5
23.2
21.5
24.4
23.3
22.4
21.7
24.8
22
19.8
21.1
18.7
22.3
21.3
23.8
24.2
24.2
23.4
22.8
23.1
23.4
22
16.7
20.6
21.6
26.6
26.5
21.8
22.7
22.7
23.8
23.1
23.5
17.7
18.7
23.8
25.2
19.9
20.1
23.5
26.1
22.5
19.5
22
22.6
19.1
20.6
24.2
22.3
19.4
22
25
25.5
22.2
18.6
22.5
27.4
26.7
25.4
21.3
26.8
26.1
20.9
21.1
25.2
17.8
23
20.3
23.3
25.1
24.2
23.9
21.2
23.5
18.7
22.5
24.6
26.6
24
19
24.7
25.7
21.1
18.6
23.9
22.1
25.8
20.4
18.2
23
17.2
15.9
23.3
17.1
21.7
23.7
26.1
26.4
24.6
24.8
19.1
22.9
25.7
25.7
19.8
24.5
23.4
21.4
19
24.7
23
25.4
20.9
23.2
24.3
20.3
25.6
25.5
25.6
24.5
25
22.7
22.6
20.6
22.6
21.8
20.7
21.7
28
21.1
23.3
26.7
20.7
24
23.1
25.3
27.7
21.1
18
24
23.4
22.2
25.2
22.9
24.4
27
20.4
19.5
24.9
22.2
19.1
22.5
22.8
23.6
23.9
20.9
22.5
22
28
21.6
23.2
24.7
22.2
24.2
25.4
23.3
20.7
18.6
24.4
18.9
15.3
24.4
22.8
23.1
24.8
24.6
17
23.5
24.9
26.8
22.2
24.4
20
21.2
21.5
21.5
23.7
22.7
23.3
19.8
24.3
23.3
24.1
21.4
24
23.4
22.2
21.4
19.8
28.3
21.9
20.2
25.6
24
20.1
22.1
20.5
20.7
22.8
20.7
24.4
24
24.8
22
20.3
27.4
22.5
25.6
26.8
20.1
19.1
24.9
23.4
21.9
25.5
22.8
24.1
20
25.7
21.2
24.8
25.3
23.9
26.7
22.2
23.3
27.1
26.9
23.5
21.7
25.9
25.3
23.9
17.6
22.9
23
21.7
25.1
25.8
23.9
20.9
23.4
22.8
24.8
22.3
25.9
20.7
25
20.3
20.7
26.1
29.8
20.7
22
21.6
17.3
20.7
21.8
22.5
24.7
22.6
24.6
22.4
18.3
23.5
25.6
21.4
26.4
26.4
19.9
20.3
23
23.4
22.7
25.1
23.9
26.6
17.1
20.9
24.1
26.8
26.5
25.1
20.1
23.9
25.1
20.7
23.5
22
19.2
27.8
19.3
26.6
27.3
16.8
26.3
24.2
22.1
23.6
19
21.1
22
22.9
19.9
25
26
24.9
20
25.2
26.5
23.4
20.3
28.3
22.5
24.5
24
24.5
21
24.2
22.9
18.6
22.4
21.8
22.9
21.8
25.4
23.2
21.3
23.5
17.7
20.2
25.5
24.7
24.1
24.4
26.3
23.1
23.5
23.6
20.3
21
20.7
22.2
27.6
26.1
20.1
21.1
22.6
21.3
21.8
24.2
23.4
21.1
22.1
26.9
22.9
22.7
23
20.7
22.4
23.1
25.4
25
25.1
18.6
19.3
21.3
19.1
19.2
22.3
25.7
22
22.4
27.1
22.8
24.3
25.8
25.7
26.8
26.4
24.3
24
17.1
21.2
22.8
21.4
28.3
21.8
26.8
20
24.2
23.9
22.1
20
23.7
23.1
22.4
27
19.8
19.8
26.2
23.6
19
24.1
22.5
26.3
22.7
22.8
20.5
16.3
19.4
17.9
21.8
20.4
22.2
22.3
26.9
24
24.3
25.4
23.5
23.9
23
25.7
19.9
21.6
23.9
18
20.9
23.2
25.8
25.3
21.9
23
17.9
21.9
24.4
19.2
23.7
22.1
22.3
26.4
24.1
17.5
22.9
23.9
23.1
23.3
23.1
22.4
23.5
22.1
21.9
25.6
20.5
23.5
19.9
24.6
19.6
22.7
19
26.8
17
23.9
26.4
22.4
19.7
22.1
26.9
25.8
26.8
19.5
18.4
23.8
22.8
22
26.3
22.4
19.5
22.1
24.5
20.6
27.4
24.6
23.3
24
25.6
25.1
22.4
23.6
18.5
25
25.3
26.4
25.2
25.4
21.8
22.2
24.4
23
23.4
19.6
22.1
22.6
25.1
19.5
22.2
22.2
19.3
25.3
25.1
22.2
22.5
24.2
18.7
20
20.4
20.3
24.6
22.5
19.4
20
22
20.7
27.1
21.4
24.1
24.9
22.2
20.4
23.7
19.4
21.6
24.3
20.9
22.4
26.2
22.1
20.3
19
23.6
24.7
23.3
24.5
21.2
22.9
19.6
23.3
15.8
26.2
19.2
23.9
27.4
22
22.3
20.8
23.6
25.2
21.4
21.9
19.8
22.1
24.4
19.1
23.6
24.4
23.5
23.5
20.6
23.5
26.3
24.7
22.5
24.5
18.6
23.2
26.2
24
19.1
18.5
22.8
14.7
23.3
26.7
23.7
25.8
23
21.8
22.7
17.6
21.2
17.9
19.2
26.4
24.7
23.6
22.1
20.9
21.9
21.4
24
24
23.4
26.8
25.2
20.6
25.4
23.9
24
24.1
22.7
17.9
24.3
20.2
26.7
20.5
20.9
24.7
20.2
23.6
23.5
24.8
20.6
22.9
23.9
23.4
21.7
26.1
18.4
22
23.4
26
20.3
24.4
27.1
27
23.1
23.4
24.3
25.1
22.5
23.1
24.3
23.1
23.8
21.3
23.4
25.1
22.1
22.1
20.5
23.9
24
25
23.1
19.1
21.2
23.6
24.1
24.8
20.5
23.2
22.6
16.7
20.8
25.3
22.9
25.7
22
22.9
25.7
23.4
24.6
23.1
26.5
22.6
23.7
19.4
19.3
18.3
22.2
22.4
21.7
26.1
21.2
23.8
26.8
20.8
18.6
24
23
22.6
19.1
23.1
22.6
21.6
23.2
21.9
26.4
23.1
24
19.8
18.7
19.5
19.3
23.6
24.3
23.2
23.4
22.4
23.8
21.9
25.7
19
22.7
22
25.2
24.5
24.5
20
22.3
23.9
20.9
27.5
24.4
20
25.4
23.2
20
24.5
23.6
19
24.5
25
18.9
24.1
20.9
22.2
21.2
25.3
22.8
25.1
25.8
27.5
23.7
27
25.2
26
24.4
24.3
23.3
23.9
26.4
23.5
20.9
25.4
15.7
22.7
20.2
23.9
23.1
21.1
27.1
23.1
23.4
24.4
23.8
20.7
20.4
21.8
22.1
20.9
20.8
26.6
22.9
21.4
22.8
27.9
23.9
24
22.8
25.9
20.9
18
21.8
22.8
25.7
24
24.2
21.2
20.2
21.5
26.2
21.2
22.9
20.4
27
24.6
23.3
28.8
23.9
20.1
19.2
23.1
27.8
23.7
24.3
22.2
23.8
24.6
23.5
21.1
21
19.2
18.6
20.6
19.9
23.1
22.9
22.5
23.8
23.3
23.3
23.5
18.1
19.4
24.1
24.2
26.6
24.9
23
26.9
25.4
19.4
22.1
25.8
25.4
28
18.3
24.8
20.5
24.3
26.8
24.2
23.8
22.1
25.4
23.8
24.9
23.4
20.3
22.2
23
25.3
22.8
17.4
19.9
21.9
20.7
24.1
23.6
26.4
21.9
20.5
24.6
26.6
20.7
25.7
23.8
26.3
27.2
21
25.7
19.5
22.4
20.5
24.7
18.5
21.9
26.2
19.5
21.3
25
24.6
26.8
23.9
22.4
23.4
21.6
26.1
24.3
23.7
28.4
28.3
26.8
21.8
23.1
22.3
22.7
23.9
23.1
24.4
26.9
22.5
18.8
28.1
23.7
22.1
23.4
24.5
25.9
22.7
25.9
25.7
22.1
20.8
24.5
21.4
22.5
21.7
23
24
23.9
26.3
25.3
26.2
21.6
25.8
21.4
27.2
26
19.3
19.9
24.7
21.7
18.1
21.5
21.7
21.6
24.7
20.6
19.9
25.4
23.9
24.2
17.3
20.5
25.2
20.6
25.5
26.5
23.6
21.9
24.3
24.3
25.3
22.7
23.9
20.4
19.3
23.8
20.5
21.4
27.6
21.6
27.6
23.4
20.4
24.8
25.8
20.7
17
21.3
24.8
23.5
24.7
24.6
23.2
21.8
28
22
24.1
24.7
25.3
14.1
18.8
19.9
22.4
24.1
19.9
21.5
23.3
21.8
21.4
21.5
19.3
20.1
24
23.3
26.4
23
20.9
24.9
23.3
24.7
27
25.8
25.1
24.5
26.6
22.8
23.6
18.9
25.3
22.9
22
25.7
22.8
22.6
21.1
24.8
23.8
24.9
20.4
26.7
21.2
26.7
24.6
18.7
22
20.8
21.5
22.4
17.6
23
26
23
21.7
21.1
26.9
26.9
24.4
19.2
23.5
19.4
18.5
26.5
25.7
27.1
23.4
24.8
24
22.8
21.7
22
21.1
25.7
24.7
20.6
22.8
22.6
23.1
27.6
22.1
21.1
24.1
24.6
19.9
22.6
23.5
22.6
23
24.9
23.3
25.8
20.3
21.6
23.5
27.8
21.7
20.9
22
27.3
20.5
21.9
21.2
23.6
24.2
23.6
20.7
20.3
23.2
24.8
21.4
18.9
23.7
22.1
27.9
23.8
23.9
20.8
20.7
26.9
21.2
21.3
25.4
23.7
24.9
20.5
22.3
18.6
24
23.6
21
20.3
25.1
22.1
25.6
26
24.5
26.1
22.4
26.3
21.9
23.5
21
23.4
18.9
21.2
23
27.5
22.2
20.4
14.1
23.5
22
23.9
24.5
24.2
26.4
11.3
18.9
22.4
26.2
18.4
25.3
27.7
24.4
25.7
20.4
22.7
24.3
24.5
19.4
23.7
26.2
25.3
19.2
25.3
25.1
14.7
21.8
21.6
25
19
20.5
19.6
23.8
19.2
22.4
24.3
22.3
24.7
23.6
21.8
21.4
25
25.2
23
24.9
19.6
21.9
22
24.2
23.9
20.2
24.2
21
21.9
20.5
21.2
23
25.8
25.8
20.5
22.6
20.5
21.8
26.3
23.6
19.9
21.4
26.1
25.9
26.5
22.5
19.6
25.6
27.9
24.4
21.7
20.5
22.8
21.8
22.3
27.5
23
22.5
23.9
21
19.4
21.9
20.7
24.5
26.5
23.4
27
25.3
22.3
21.5
23.2
23.6
22.4
21.7
26.6
17.8
25
21.5
21.9
20.8
25.4
21.8
26
23.6
24.1
21.3
21
22.6
25.6
24.1
20.3
19
22.4
22.8
24.3
24.1
22.6
27.6
24.7
18.4
22.2
26
21.1
21.2
23.4
27.5
25.4
19.9
20.1
26.5
24.1
22.4
26.4
25.1
24.4
21.8
24.3
23.5
22.9
23.4
21.4
23.3
20.1
27.1
20.6
22.7
19.6
19.1
23.1
20.1
24.6
22.4
21.6
24.6
24.7
24.3
26.6
22.6
24.7
25.3
23
24.7
23.4
20.4
27
25.9
21.3
23.3
26.5
24.3
25.7
16.8
21.5
24.9
21.2
19.4
23.4
23.2
19.4
21.2
23.6
19.3
20.1
21.5
21.5
20.8
26
23.7
24.3
26.3
20.4
24.3
20.4
25.7
23.2
22.4
25.6
21.4
19.9
26
14.3
24
13.8
19.9
24.8
21.2
18.8
20
22.1
23.3
23.6
21.3
19.5
23.2
21.2
26
21.4
24.5
24.1
23.2
21.9
22.5
24.7
21.5
20.1
20.1
23.6
23
24
23.5
20.6
22.4
23.1
25
18.5
23.8
25.6
23.5
21.7
26.6
25.2
27.3
18.8
19.6
22.3
22.6
19.9
23.3
21.2
19.1
23.8
24.6
20.1
24.6
20.5
21.4
25.8
22.5
22
18.5
23.4
24.1
19.8
23
25.7
21.7
25.7
25.2
23.3
20.8
27.1
23.2
23.6
22.6
22.7
23.1
18.1
20.9
25.2
26.6
22.9
25.8
25
27.4
20.2
21.7
23.6
23.8
21.1
22.4
20.6
22.1
23.7
21.8
22.6
22.7
27
18.7
22.1
25.6
25.5
21.3
27.2
21
18.8
23.9
20.8
24.7
21.6
21.2
26.5
16.3
23.7
25.4
23.7
26.8
26.9
17.7
16.8
23.1
24.3
18.5
19.8
20.4
22.2
27.5
23
26.5
26
23.8
19.5
23.6
27.1
23.6
22.2
26.5
20.8
22.5
21.1
25.6
21.1
24.5
24.6
21.9
20
27
18.2
22.2
25.1
23.4
24.1
23.8
24.8
25.1
23.4
23.5
24.1
24.3
23.9
23
22.1
17.5
23
27.5
24.9
21.5
23.9
23.6
24.1
26.4
22
18.6
22.2
20.3
27
22.7
21.5
24.5
27.9
23.7
19.6
23.8
24.1
24.5
26.6
26.7
22.8
27
22.1
27.6
23.2
22.3
25.4
22.6
24
18.7
24.6
25.1
20.2
22.3
26
20.8
23.3
22.2
25
26.9
22.5
23
27.5
20.4
25.2
22.4
16
21.6
23.1
21
22.2
24.7
23.2
21.8
24.9
26.8
24.6
23
22.5
13.9
23.4
24.3
22.5
21.7
26.5
22.1
24.4
24
20.1
27.5
17.9
26
23.6
19.2
17.4
24.4
22.9
20.5
22.5
22.4
24.3
19.7
23.4
25.2
23.7
23.4
21.7
22.6
22.7
20.9
24.7
24.3
22.9
21.4
22.1
22.7
27.9
24.1
20.8
24.9
24.6
20.3
25.1
21.3
20.9
26.3
27
26.3
22.3
25.2
24.7
26.1
23.9
17.5
20.3
25.7
22.5
24.9
22.9
21.3
23.5
24.6
26
24.4
21.6
23.3
27.1
20
23.8
20.4
19
20.7
25.5
24.4
22.6
22.4
25.4
25.6
22.4
23.2
24.5
21.4
22.8
22.1
24.4
20.8
22.4
17.1
23.2
23.3
25.3
25.3
25.3
16
24.2
24.5
22.8
21.8
21.7
22.8
24.2
25.8
21.7
20.6
25.9
26.1
21.7
21.2
23.7
26.2
23.8
24.7
21.3
21.1
21.5
23.1
22.4
21.1
25.7
26.8
22.5
22.6
23.9
19.7
22.1
22.4
23.1
25.3
23.4
25.9
17.6
21.7
21.8
24
23.5
23.6
23.6
15.3
23.6
20.8
23.2
26.6
20.5
24.4
20.8
23.3
26.1
23.8
21.5
20.7
23.5
12.9
23.9
27
17.2
21.3
20.9
25.7
23.2
19.6
25.7
19.6
19.6
24.8
21.3
20.5
22.4
23.2
23.5
23.8
22.6
24.7
25.3
23.1
27
24
26.7
22.3
24
21.1
20.4
23.8
22.7
27.6
22.3
23.8
27.1
25.9
22.1
20.3
23.7
21.6
16.7
24
21.9
20.8
20.3
26
26.6
23.7
21.4
26
24.5
24.7
21.7
22
24.2
21.6
25.2
23.2
22.2
21.4
23.5
25.9
18.5
21.8
22.1
25
24.6
24.4
25.9
24.6
25.1
24.4
20
19
23.2
26.5
24
26.8
22.2
23.4
27.1
20.3
17.5
26.3
24.7
23.7
22.5
20
22.7
16.9
28
20.3
19.3
26.7
24.2
24.1
23.3
26.7
24.8
28.4
22.1
21.2
20.2
25.8
20.7
24.2
20.8
22.1
22.2
20.1
21
20
16.1
17.6
25.9
21.3
22.8
20.2
23.8
20.7
20.8
26.6
23
25.9
22.1
16.8
25.6
24.1
22.1
22
25.8
23.8
20
26.5
23.2
21.9
20.8
16.9
22.5
22
23.9
24.7
24.3
15.9
22.6
26.4
25.6
23.2
21.9
22.9
23.5
23.9
26.4
25.3
22.7
25
21.3
23.7
26.6
23.8
23.2
21.5
20.7
21.4
24.3
21
22.4
22.8
21.7
24.1
24
26.4
24.2
27.6
21.8
21.7
19.3
17.7
23.9
23.3
20.2
25.1
23.3
22
24.2
21.3
22.5
24.5
19.6
21.1
22.5
23.2
21.8
18.5
23.2
21.4
21.7
22.4
18.9
21.4
23.5
22.5
24.8
25.4
20.7
26.4
25.3
22.1
24.5
14.9
21.7
22.6
22.8
22.7
23.7
20.8
21.4
22.7
22.3
21.5
22.7
25.7
19.4
20.1
17.9
24
24.4
21.8
21.3
24.2
21.4
20.5
23
24.2
24
25.5
24.1
25.4
24
24.8
26.7
26.8
27.1
25.4
21.6
20.6
22
21.2
20.7
24.1
21.9
19.9
16.4
25.3
22.7
27.5
21
26
22.3
23.1
22.6
24.7
24.3
26.9
24.3
23.9
23.7
20.4
23.8
24.2
20.5
16.6
20
23.7
16.7
21.8
25.6
28.5
25.6
22.5
23.5
24.1
22.6
23.5
20.9
23.1
21.5
20.6
25.4
24.5
24.3
25.2
25.1
20.1
20.3
20.4
25.7
19.3
19.5
22.3
19.3
24.5
23.3
18.3
21.9
23.9
24.1
21
23.7
23.8
19.2
25.1
26
24
24.7
24
26.2
24.3
24.6
20.7
27.6
25.4
26.5
22.6
23.7
26.4
23.7
24.2
21.4
23
24.5
24.7
21.3
21
20.1
23.2
26.8
22.1
23.5
24
23.7
24.8
24
21.5
23.3
25.4
25.6
21.9
21.1
26.2
24.7
26.2
22.5
27.9
24
25.2
21.1
21.1
24.2
23.1
25.2
22.2
25.4
22.7
25.3
20
21.7
24.3
24
22.5
24.7
24
22.1
24.8
21.1
23.7
24.5
23.1
21.2
20.7
24
22.6
25.1
21.5
21.9
23.6
21.3
23.7
22.8
22.8
21.4
27
21.9
21.3
24.4
21.3
21.5
21.4
24.4
23.8
22.7
24.3
18.3
26.5
26.2
22.3
21.5
21.4
24.3
23.8
23.5
22.7
27.4
18.1
23.4
16.6
27.1
15.1
27.6
23.2
27.1
21.2
26
18.3
26
25.1
22.7
24.3
23
25.3
23.4
22.8
23.4
23.9
22.2
23.8
25.7
23.9
22.5
26.9
19
25.3
22
19.6
18.7
23.1
22.1
21.9
20.8
17.9
19.3
25.5
20.7
25.1
17.6
22.7
22.9
24.6
19.7
23.3
24.9
18.3
24.8
25.7
23.9
16.3
22.2
23.1
23
21.3
22.8
19.7
20.4
27.8
24.4
21.4
21
26.3
21.7
21.9
16.2
21.9
26.2
