21.29078
24.84886
21.14986
27.39911
16.35005
26.57199
23.55646
16.50161
26.10231
15.82738
24.48496
24.54739
22.80955
26.1381
22.37302
21.37912
22.13803
23.34184
23.60285
20.63611
21.90841
21.98096
27.16183
23.09749
22.6791
23.74132
26.46943
26.19685
23.78796
24.62445
24.4359
26.80094
20.5314
25.23167
25.48432
26.39385
24.1298
18.67171
23.03741
24.88024
23.7799
23.60572
24.12646
21.72496
26.2465
28.61493
18.72146
25.07229
21.45832
27.47178
22.62884
21.1213
23.53672
24.5635
25.07704
25.2809
25.71666
26.1072
23.3866
19.03756
20.80006
20.94609
22.02988
24.24193
23.34365
23.99718
20.84945
22.81827
23.38863
26.19643
22.61471
24.81367
22.15571
21.85932
22.17986
24.5284
23.97723
24.34751
26.16458
22.79484
27.94159
25.12908
22.8843
23.49618
26.15349
22.29821
23.93567
23.28472
22.91851
22.5929
21.91316
22.73309
25.5422
20.8971
23.86946
23.24394
21.00244
22.49245
20.74999
21.05772
24.21729
23.39072
25.0375
22.55313
22.84819
26.16302
23.49333
23.79076
19.47906
23.49048
19.99953
24.57994
25.17024
21.49102
25.91711
23.35579
25.60169
23.45934
25.22533
20.80796
25.22857
22.97551
22.8386
26.46783
21.92675
26.97985
24.66979
23.52004
18.99728
24.34039
25.36625
23.0472
21.19432
21.70392
24.49697
24.42669
26.80943
27.00229
21.51706
25.2098
25.71569
27.64655
24.39266
22.63597
18.97922
22.65697
24.95507
24.60426
19.1851
25.52615
26.36494
27.0628
20.63956
22.25866
25.33048
24.01766
28.81849
22.70359
20.56065
24.78709
24.9259
25.3387
25.76134
23.63478
27.36868
29.06499
23.66442
21.56035
22.83112
24.02209
23.02001
24.6862
24.78545
25.63283
20.03761
22.81763
25.21259
26.57732
23.66361
24.76322
23.60791
20.63804
23.26525
23.76824
21.14161
23.54455
23.8265
22.08207
26.16549
25.20105
21.09048
23.21445
21.02622
23.59611
23.74344
25.21203
23.39344
25.40378
24.44553
21.49286
23.08149
23.54922
21.8792
20.48047
24.32408
23.26748
23.109
20.42554
23.28847
23.91937
23.31642
28.45106
23.896
21.81459
22.84561
22.16402
25.37463
20.37634
23.88359
26.67092
24.50152
24.30333
19.1062
26.63451
24.08659
25.32468
21.45949
21.42577
22.77928
24.74604
24.69971
23.52907
14.72003
26.47432
22.553
24.92887
25.24746
24.43346
22.39276
24.59487
25.1353
25.07222
23.24799
26.53001
28.87102
25.95118
24.06974
24.08397
22.74919
19.37468
23.92799
22.47018
22.75764
25.96906
23.60632
29.61934
23.44231
19.85792
22.9292
22.33677
25.29704
26.83151
26.60528
24.50941
25.69418
25.35384
22.57419
25.0424
26.56524
24.07589
25.40437
27.88712
23.12932
24.09924
20.17425
23.77103
23.03796
27.439
21.70464
24.33511
21.49
24.0012
22.24369
22.19202
23.86524
26.72121
18.5781
24.3042
20.02971
19.03971
23.8912
19.37432
26.17708
22.8701
20.51785
23.90377
20.05692
23.63994
26.86098
20.91419
25.94931
24.07229
25.08103
23.93457
23.9321
22.43454
26.8093
23.34921
20.75048
24.53411
20.30928
20.59705
24.87148
23.44744
22.96547
19.79475
23.95094
22.31979
24.90602
22.97228
23.85507
25.58341
22.90721
24.32503
24.59154
25.19663
23.00776
25.37191
24.21915
28.06782
16.5583
22.81399
23.27203
21.41693
24.37945
20.55373
23.55644
25.33233
23.61658
22.95885
25.308
27.15026
20.90092
24.26971
25.5183
27.38091
26.68601
22.59845
26.12313
23.17426
21.21794
25.34642
27.76259
27.04809
23.95249
21.00288
23.38308
26.07526
20.77164
25.37919
21.84199
21.48252
27.06605
24.54924
22.74429
24.20256
23.99629
26.6845
23.88667
24.60293
19.61264
24.23858
20.73946
26.76161
23.41502
24.51399
23.88375
23.91592
23.86339
27.45189
17.09773
20.82231
21.01417
25.74321
26.31209
24.65299
19.79044
27.79012
21.02503
27.14216
24.03898
25.55124
23.89834
22.59131
21.43129
25.84228
20.17678
25.60558
21.33748
23.81218
21.64593
25.92029
27.82933
23.52687
21.87595
22.3494
23.7668
23.88415
27.77263
24.22854
25.13929
22.25312
22.53186
22.36193
24.81523
23.13451
20.41108
23.69515
22.59561
24.29387
27.13271
27.23704
22.62811
25.5107
26.19
22.67841
19.04213
22.68554
27.08338
23.25413
23.79937
26.38644
14.90792
23.92484
26.79761
25.64226
23.28997
27.82576
24.95251
27.86749
25.84407
23.95322
23.07292
25.66897
22.66336
22.71057
28.58675
20.99876
24.50535
20.91418
26.69003
26.22889
27.20382
23.5311
24.06941
17.85221
25.89112
25.04816
20.45636
24.94907
23.07511
16.6576
20.80012
27.11957
21.98202
24.41171
25.74222
22.56051
26.77224
23.46622
26.766
27.01228
21.73719
27.66959
23.01059
24.03501
24.29769
26.1964
17.4962
23.96721
21.44246
25.38299
23.90027
27.06689
25.77482
19.50585
23.38541
22.4342
21.58351
24.33173
22.58612
21.3367
21.50359
27.01941
24.14404
25.29355
25.58494
23.98666
27.52519
22.48935
21.96232
22.10158
16.39672
24.75732
24.42653
21.52272
19.61898
27.01014
27.19791
20.3619
25.22304
27.05087
25.4019
17.72448
22.59285
25.78735
23.95317
25.50295
22.69942
23.28606
23.41883
25.57988
23.55016
22.46604
20.91312
23.37336
27.31739
23.24929
20.02311
22.32373
25.61185
25.6458
22.21692
23.75864
24.55011
21.70145
24.57527
22.68268
25.08603
25.88803
19.52636
23.55891
26.34596
23.07438
24.63029
22.84873
22.32185
24.94212
25.22618
28.62176
23.66728
16.41135
20.53768
27.86186
24.36807
23.15546
27.45665
20.60582
25.75469
23.55939
23.1198
27.25448
26.41725
23.41672
24.49925
24.35238
18.488
19.77424
22.59868
22.90912
26.43325
20.0625
25.64868
21.89449
25.22722
23.26463
20.7805
24.9013
22.98789
23.11568
21.67411
27.23027
23.94322
19.44418
23.24744
21.35881
20.03414
24.93401
25.90679
23.04479
25.11508
25.50217
23.14126
21.64143
27.27068
27.4253
16.64331
24.76601
26.40589
23.87128
26.04948
26.36567
25.68671
23.81704
17.39737
20.812
25.43181
26.35118
25.15643
23.96519
21.02624
26.89615
24.08955
24.28977
24.68029
18.07739
24.58369
24.51132
25.05016
24.9026
23.62303
23.44373
24.70475
24.73132
24.9617
24.34096
23.71723
21.20255
25.26575
21.63059
25.37921
22.39803
22.84819
24.94183
19.96823
25.8355
20.86821
27.08703
21.00991
24.29478
19.34946
24.03573
23.85837
23.47542
19.67194
26.64037
21.06414
21.70848
22.36051
24.95316
26.06632
22.16223
22.37396
22.15529
21.54409
26.50377
22.99285
22.55054
24.23833
20.48605
18.91198
26.40978
22.65711
26.12117
19.14524
23.19593
23.38135
21.31484
23.30123
23.0248
26.20155
25.48271
22.323
20.0177
21.07793
19.54713
24.78668
22.76183
21.43264
26.25153
22.82139
24.33174
24.80617
23.35345
24.36595
25.42881
23.35068
24.0466
19.46496
22.67089
24.06974
24.23757
26.62815
25.15596
24.70451
22.27967
24.3407
21.52846
24.13162
22.38963
24.88092
26.06932
20.03864
22.35678
21.29157
24.73653
23.88066
22.1946
25.3653
23.71941
23.79035
25.81857
25.80681
21.76608
26.45868
24.18205
21.4703
25.08155
19.70573
24.33112
24.07021
22.41387
26.15715
23.63018
26.48669
18.13038
25.74519
20.82512
22.42528
20.39791
23.50128
26.87059
26.68761
24.66361
25.04551
26.9607
24.95279
23.07348
20.88547
23.09367
19.79175
25.10689
22.67382
23.71701
27.33639
23.29774
21.11955
24.5298
22.83466
24.21316
23.18429
22.63703
22.09199
22.89017
25.50605
25.79988
25.39159
18.92013
26.87816
27.02517
24.80432
20.39268
24.96549
23.70821
27.48802
21.94997
23.90319
25.06385
23.65601
22.05581
26.69729
21.95475
22.9957
23.76528
20.90588
24.50589
23.76454
22.64203
24.15958
26.7611
24.10678
19.79914
24.26635
25.45687
25.60726
27.50697
23.60947
24.79817
17.32632
24.80955
20.20938
21.4667
22.38567
21.56647
21.00869
22.40945
23.83972
24.44987
25.30224
23.17788
21.06185
23.88179
25.50061
25.38299
24.86834
22.63206
22.00912
22.02843
24.83711
24.5644
22.74138
20.44301
25.40146
25.95278
21.71741
23.37396
22.21341
24.81367
23.77206
24.58822
25.80828
22.51555
24.9815
24.75866
26.23188
24.94987
20.29524
24.66415
20.53443
20.32844
23.13218
19.54258
24.60558
22.55852
25.51837
28.19003
24.47892
23.06038
26.7249
21.96418
26.00695
26.92241
23.93358
25.29629
20.03257
23.55497
14.89248
25.12532
21.7182
24.96259
24.40734
24.84522
23.73053
22.8156
19.8865
21.61693
24.58337
22.528
24.39945
28.22263
20.19384
18.66221
26.48915
21.66535
20.81471
20.02647
23.43499
19.10321
27.27699
22.78098
22.77483
24.14088
22.06093
21.93525
18.36113
25.01881
26.53725
21.50302
24.94013
23.38268
22.36838
20.37215
24.40015
21.10931
27.40807
26.14585
21.21627
25.90198
23.91295
23.44118
21.2444
24.46991
21.72356
23.20708
27.1757
26.18604
22.59218
27.45918
23.9233
16.91826
24.45458
22.80745
24.09339
26.43982
27.08338
21.28381
24.91174
21.51696
22.87386
26.11449
23.8837
26.34985
26.94548
23.62018
22.67265
15.77613
27.21895
27.22641
23.67047
27.97518
26.98104
24.6482
22.83203
16.62076
17.21987
21.28521
20.85143
23.50774
21.4081
26.26284
21.64485
23.34224
23.0478
25.67752
25.08289
25.71292
21.05813
23.50219
20.19167
22.90013
19.44665
21.43673
25.62795
23.56886
18.30123
22.04321
21.54158
28.31914
22.45048
22.34782
24.00781
27.13413
25.15556
27.43867
20.54639
20.86718
19.56344
23.63519
24.41789
26.5094
25.64937
22.13421
23.54053
25.21715
22.31928
24.76515
25.91725
26.20918
20.26804
22.46955
21.1531
27.46351
22.2536
25.51605
20.82166
24.392
20.7976
22.55986
24.61575
23.15511
23.93425
21.01291
20.55375
20.47433
25.71416
22.70183
25.18343
23.33388
22.25288
20.53548
24.88673
24.30545
24.39941
25.87045
24.82668
25.21924
23.16883
24.61899
22.84046
24.85681
24.26067
22.47259
22.71476
19.84186
25.37298
21.11553
20.99933
23.80089
26.01954
25.37016
23.40601
21.6027
16.74906
23.56887
20.9209
25.0719
23.25936
21.45277
21.80854
24.44964
24.36624
18.90283
24.78015
22.70476
24.73275
24.13949
19.95342
22.00512
24.79761
22.00892
26.90196
23.99831
22.79368
21.35824
25.87637
24.33601
24.94437
19.91263
23.32968
23.60125
22.09917
23.06358
20.53172
21.34956
25.33023
23.40133
23.98747
22.79651
24.51415
23.60904
24.93858
23.16674
25.48891
25.80428
23.98266
15.70379
23.86164
26.31874
27.1507
26.76967
23.44472
25.3871
22.46621
22.1447
26.24613
17.72039
23.55456
23.48892
22.65053
20.26981
22.22742
24.06172
23.8897
25.16313
23.50121
22.17174
24.92567
22.19873
22.96232
23.6952
25.24048
24.24928
25.02646
25.16262
20.4179
21.02345
15.99902
26.87971
20.00957
23.01237
22.37837
23.58461
25.77126
23.92601
23.13036
22.468
24.08924
19.99643
25.11568
24.39509
23.34769
24.99599
24.82888
24.46065
20.19476
23.09958
25.88789
27.83429
23.6292
26.34983
25.76177
15.99201
22.28415
21.35778
24.88181
16.64079
23.58365
23.07324
24.56563
26.23375
22.6537
21.07607
22.98295
24.67517
19.2687
28.0217
27.58509
27.36003
27.0245
23.87846
21.59175
21.83988
25.19625
21.90881
22.91276
21.52044
23.35574
24.10965
25.33722
24.23555
21.12913
24.01768
21.25
22.4676
22.00153
26.57775
22.40809
26.47535
27.8975
23.48428
24.36153
23.79323
22.96369
20.27961
22.04998
28.98264
16.97194
26.19863
22.75932
22.70918
24.04127
21.29266
20.35355
25.03882
27.41957
20.5874
23.94127
23.76502
24.43716
22.48684
21.86226
26.43171
25.05797
22.66164
23.93004
26.86269
19.2056
22.38152
25.61145
22.83796
22.91274
22.7393
25.05596
20.30593
26.13851
21.41968
22.96158
25.23876
23.12112
23.95935
25.22955
23.03216
26.42176
21.77865
25.49545
24.33144
21.44352
20.86399
26.96628
23.80021
24.04965
22.54493
23.46363
24.16464
19.49059
25.67087
23.53906
21.22903
17.20794
24.40199
20.71405
26.0737
25.36584
26.56402
24.05161
24.00837
23.98079
22.44288
22.14453
23.08988
21.03879
21.90174
27.65965
20.80071
18.53481
22.83297
22.54137
23.96426
22.91311
24.25559
25.42989
21.03242
20.13523
26.40646
23.97564
23.44162
27.8087
23.27499
23.1734
19.85816
25.4634
26.1072
22.37112
21.05067
21.4801
20.89236
24.7454
25.0644
25.18897
22.03199
26.07625
22.98237
24.98608
21.81947
21.81677
23.85468
23.2502
20.93061
24.2459
25.56841
24.40465
25.4698
20.26849
25.96578
21.02352
24.89018
24.77304
26.65638
24.38125
21.16751
23.6378
21.28871
22.95781
23.19727
26.49653
21.14742
24.49109
21.08455
23.65726
23.07839
23.14264
26.36947
22.90566
22.07862
21.26679
23.86883
26.80115
23.10512
22.92683
27.23085
25.88279
21.64943
17.6123
18.52297
21.31354
27.38963
24.03017
22.90436
24.17002
25.05022
20.03328
26.54434
26.13321
27.88122
25.17954
20.79028
23.72242
22.49417
25.86636
26.71204
22.09432
18.85313
24.97286
23.44505
22.70224
22.68702
22.51776
23.54157
24.6466
22.03153
22.74166
21.20846
20.97995
24.43432
19.99324
23.12965
26.05412
25.85548
21.80617
23.09281
21.476
25.41935
23.94994
24.35197
19.99181
23.32618
24.73078
21.95317
25.12506
20.41357
23.99774
20.37424
23.21137
24.44639
24.499
26.63318
26.95052
24.04487
22.01309
23.89404
23.64273
24.18059
23.22949
24.56347
23.47368
25.464
26.52717
23.35171
23.55177
26.93385
20.54264
24.52943
21.19713
21.83045
23.18682
21.28651
24.43044
24.59086
24.43335
22.2631
24.58989
24.24304
25.7115
19.57069
24.71355
25.44071
24.48668
20.50813
23.10447
24.36075
15.97212
24.91349
25.84937
23.7513
20.55455
26.17608
24.27189
24.14856
22.57254
23.95566
27.61715
22.8423
26.58486
24.42618
24.18189
23.88286
22.35213
23.69759
23.71415
20.40655
23.59457
25.41206
25.0455
23.18308
24.58176
23.72031
20.85217
19.79082
16.11277
23.46336
26.51042
25.49948
22.29481
23.74315
24.18106
25.66007
18.0021
22.69855
23.85714
27.4401
24.32026
20.40037
24.01103
24.73345
20.71071
24.46292
21.15276
23.05368
25.15769
20.74999
27.50665
25.54433
23.04534
25.08139
24.38322
26.91893
25.19826
22.78681
24.85593
24.50158
25.36388
21.44687
23.59445
23.87128
23.71938
17.66014
23.54475
24.44664
25.37614
19.61969
29.56465
23.84829
25.43672
17.38315
24.78488
24.82528
24.44165
21.66161
22.58177
22.24066
25.0469
20.6048
24.4216
21.0343
23.55915
19.38656
24.33143
25.62628
21.0558
25.32636
22.44106
21.6969
23.52782
24.88729
26.38326
24.16211
21.89576
19.23799
23.58205
24.80294
23.66759
23.94519
20.86269
23.2197
19.50163
24.16377
25.08297
21.69079
25.26462
24.46093
23.18543
22.82604
26.0947
24.14637
24.86562
22.75701
23.59234
20.1193
24.23847
24.40528
24.32818
23.6521
24.98532
23.95612
25.04729
21.12267
21.57428
23.5313
24.76328
24.18555
21.88957
19.05848
21.63438
23.51306
24.62422
22.57308
21.44701
23.60974
24.07994
23.33232
25.62361
26.22728
24.21927
23.07508
22.12314
22.64903
25.54587
21.74755
22.01267
27.84031
25.42251
24.89848
22.27414
24.59792
25.83766
21.60624
22.88259
24.63898
20.55982
22.37903
24.21391
23.00975
23.60449
19.71408
22.90632
23.4421
19.50436
23.19849
21.46893
21.83256
22.64322
19.40229
23.85118
20.72949
22.99661
22.18788
24.9731
25.19249
18.1272
24.79139
27.26532
20.58657
23.89745
24.07785
25.67982
22.8883
26.26419
26.47859
23.24128
24.83781
17.85604
23.70756
24.35628
24.3438
22.34984
25.70946
24.8817
20.07194
25.00486
22.3425
20.87203
26.64064
23.22036
22.05034
24.71367
21.21755
25.00988
25.74808
25.76177
20.1419
24.25574
18.10492
24.41746
23.49937
21.15393
22.90742
27.68802
22.24635
22.37508
25.22523
23.27395
22.66171
21.78745
21.14779
21.27053
24.44648
19.75689
23.04504
18.15806
21.107
24.70755
25.5702
25.48771
20.39232
23.0622
17.64904
25.084
23.08512
25.52498
23.73142
19.05623
27.16997
23.2869
22.72564
22.96177
18.68392
22.42638
17.32808
22.11428
26.78444
24.25169
20.35463
23.79518
21.79244
21.4481
25.83882
24.23831
22.87903
23.74856
15.27237
26.18103
25.6567
22.32072
25.33968
25.75432
25.87753
23.40191
23.64712
24.66442
23.33329
22.96658
21.94746
25.17763
22.20884
20.8879
22.79136
23.17501
25.78186
25.27346
24.02288
24.51363
19.63849
21.97009
23.14544
27.80358
23.54133
23.56466
24.28747
23.2282
27.55009
25.58966
23.92325
21.97874
17.06198
23.15263
21.31148
25.49518
26.85201
25.3786
22.91316
26.83877
23.86662
23.57636
25.4887
24.35154
24.8671
21.64798
23.85428
26.862
22.63154
26.79263
20.75449
24.43389
21.33648
20.88135
25.12497
25.81595
25.75529
23.61761
23.52573
24.67567
21.0627
22.93631
16.89065
21.91815
20.71785
24.09532
23.73456
25.44349
23.2981
24.45233
22.29449
24.08173
22.21007
23.30934
25.46604
23.60898
24.13404
22.24379
18.38143
21.20528
23.06103
26.19224
21.42273
22.63625
19.61218
24.37391
20.61252
22.71213
24.20426
21.24418
22.61288
22.67982
24.635
19.69982
20.84981
23.17697
24.12726
23.73245
23.61822
17.06354
23.58731
22.47553
23.31285
20.91538
22.97819
24.28791
27.71476
27.16353
19.68224
15.25611
24.98951
24.11571
22.82566
24.77208
24.18461
24.3266
20.38425
23.81727
25.35163
20.4446
26.15016
22.55164
24.64906
26.18382
27.55961
25.16434
21.78992
23.83691
24.08145
24.91721
26.14603
21.93871
23.61185
20.51444
25.67608
22.26262
23.47621
21.28999
16.94897
23.79075
24.68365
24.53727
25.5554
26.22343
24.14477
23.71689
21.18018
19.52084
24.50562
27.09463
26.74031
23.37025
20.96166
24.19036
24.1632
25.16258
24.5343
25.10096
27.52337
20.57084
24.36346
25.73578
22.81302
21.05256
23.81665
24.3544
27.87311
24.60147
23.86933
24.51473
24.04142
19.67548
23.89245
20.33345
21.47769
25.22533
25.69019
21.67039
26.66393
25.1792
25.15183
24.64601
21.01678
25.33321
23.51618
22.05286
20.71429
26.35002
21.14256
23.22628
26.01857
19.72354
24.59611
20.45072
26.25452
20.06573
22.44044
20.80067
21.25442
25.89328
20.70349
22.38345
21.0742
26.76967
26.97013
22.08291
23.93236
24.31496
20.95853
25.76439
20.82185
25.83167
26.87975
24.84149
22.6391
22.99872
25.97191
22.8267
25.91937
19.54555
22.70988
23.07226
22.16211
24.33933
20.33153
22.92634
24.29582
22.97996
25.66591
22.8082
19.72973
20.09406
23.76805
22.70687
19.258
26.00152
26.11048
21.98279
24.84295
24.60859
25.09684
20.30564
24.85579
23.67408
24.99328
24.21734
24.78824
22.66234
23.25094
17.09882
22.30384
24.65654
19.94084
14.99436
24.58148
23.92528
19.97163
25.69329
23.55965
24.10319
23.69416
25.80028
26.58718
21.76843
23.28888
22.9529
26.58338
24.1552
26.03125
27.30718
21.66616
21.62716
17.56068
22.18528
26.80707
22.33595
21.21932
25.80336
25.13965
26.40421
22.08178
20.46916
19.64904
28.38962
21.42045
23.5413
21.38081
24.09567
24.53238
23.886
25.31855
24.94576
23.89154
26.13969
22.71187
24.22683
21.65024
26.38236
25.63064
19.44044
20.83726
23.09528
22.6646
22.60426
22.50697
25.90172
24.13728
20.62972
25.87522
27.41674
25.73833
25.04526
21.97316
24.6417
20.15141
21.2973
20.78452
22.86146
27.1236
23.84457
21.45049
22.48137
25.35908
26.47335
22.71166
23.2634
20.35795
24.46142
24.69797
20.91072
23.65477
26.46374
22.06479
22.08207
23.3755
25.19524
22.67311
21.37227
22.08648
25.10478
27.25134
24.66701
23.02956
26.56712
22.19807
24.56227
22.73003
21.55813
25.5038
23.76767
24.14571
22.84497
22.15936
24.02273
22.03053
20.63565
25.16477
21.7503
27.34476
24.37467
20.78847
25.43913
23.37315
22.46963
23.982
23.0859
21.60107
23.77465
24.65485
24.7966
24.84798
24.57026
26.30438
21.84699
18.93714
24.29005
22.94419
22.97471
25.39306
27.4031
23.99286
20.49467
27.3062
21.94753
26.44497
24.44475
23.47531
22.02063
27.05916
24.13506
24.8774
23.38055
19.21898
19.35001
23.67518
20.0036
22.74312
18.84888
21.38176
20.09804
23.56701
26.17163
21.7719
25.41626
24.72343
27.02949
23.7138
25.77917
21.05767
27.92055
22.46781
27.80947
17.0319
22.57063
21.38099
21.90582
25.21241
20.34128
24.31862
26.63687
21.56637
23.23122
24.10745
24.87618
27.59398
23.21071
24.94423
23.99002
23.69771
24.45652
24.56956
24.37243
24.57381
21.21654
24.16056
19.98968
16.23446
21.8901
25.28127
24.72011
23.91983
21.39107
22.4915
21.79947
19.42101
26.62547
25.41632
18.74947
25.18054
20.74234
24.45515
23.91617
27.05387
22.74154
25.47419
23.76934
25.9811
20.77861
17.88903
27.19693
27.75331
21.81806
25.5835
21.58598
23.99936
21.33953
24.4207
24.01882
17.3831
22.71502
25.35201
20.40765
27.67583
22.96434
22.15877
21.57635
20.75581
27.22207
26.63053
26.78681
26.54257
22.40813
16.86885
23.76183
22.88046
23.1461
16.66772
21.61078
20.52649
22.29007
24.16363
22.83451
23.89968
24.97282
22.75371
25.23219
16.79564
27.52467
24.48134
21.09303
24.98784
21.73814
24.42672
22.553
23.58946
24.26404
24.35064
23.56806
25.63339
24.14299
22.62753
26.05605
22.19804
23.03605
25.16261
24.0912
25.22685
25.23754
20.04777
25.14584
25.30154
25.72362
24.95279
17.90974
22.65153
24.4435
24.64079
18.78055
23.49999
25.45001
26.83901
25.92447
24.40448
21.97164
20.94271
26.09246
22.06295
23.59031
24.3731
22.02869
24.52413
27.64713
25.49252
22.83709
23.97662
23.48128
24.86395
24.562
24.72386
24.28674
25.22527
25.72743
22.27654
22.22445
22.72903
24.3706
22.98421
25.22822
23.01817
25.86325
23.23351
26.31654
26.44593
24.16483
24.62412
20.78425
22.18961
21.1651
22.01485
20.76053
23.72918
25.19587
27.04197
24.48528
24.60807
24.0147
21.64238
24.65336
27.61353
24.25525
23.05665
22.34391
21.56009
23.4976
24.78572
26.16982
21.09996
25.56061
26.80085
22.16036
23.5592
21.42049
22.94698
20.55884
22.55442
24.50815
19.43093
25.02435
21.38392
21.91369
23.20664
26.19636
24.51808
22.84827
23.4542
25.72201
25.01733
25.30084
20.35776
21.92181
22.0244
22.73888
23.61157
23.16118
17.15679
25.25153
25.17841
20.17956
24.63105
23.74815
25.95391
24.77374
22.20818
23.38396
24.84768
26.89028
22.14856
21.15883
25.07635
25.60734
26.26223
24.44002
26.38515
25.11096
23.21519
20.89559
22.35846
25.51058
24.24666
25.5899
23.33427
21.05029
23.20867
23.34672
23.3635
22.64235
25.10152
24.58981
24.17071
23.96501
24.00252
26.94574
23.88355
27.20569
26.23087
21.00891
28.0949
17.46286
21.49447
20.24146
21.24376
19.65342
24.08658
22.58305
24.47575
24.61526
26.65622
28.3551
22.92324
22.66464
22.11898
26.54841
22.96507
23.96105
21.95046
24.58135
23.09451
24.47174
17.93418
21.21322
25.30093
21.1567
25.03907
24.29501
25.82582
21.76047
24.71867
26.36693
21.63392
25.02991
24.64109
23.4698
26.17708
27.47525
24.47238
24.14129
23.1938
23.65227
19.48555
23.64953
21.89899
21.79833
22.91327
22.13205
24.83974
25.01281
26.40546
24.33133
23.53167
24.29299
26.36724
27.52785
20.89248
22.37821
20.4002
20.38404
26.78099
15.69506
18.81816
22.67574
27.44368
24.72557
25.35872
22.96368
21.90591
27.11111
24.15442
21.42848
23.60415
19.82488
21.82899
24.8885
24.16589
23.76365
17.39084
22.61484
23.43926
23.90142
20.82819
27.03287
21.89311
26.74121
23.06483
22.7058
22.17101
21.53921
23.04692
17.81404
23.10117
24.04225
24.52477
22.9112
23.96779
27.48331
20.60324
25.28114
22.68945
22.79462
24.6987
25.7807
17.86799
20.45805
25.14311
24.36901
22.08229
25.23185
24.31605
23.38404
26.44301
25.53429
21.70031
24.00476
24.71828
22.71082
26.40708
22.48115
24.61588
22.97826
26.14252
22.57332
27.02069
22.56397
23.93259
25.3426
25.13286
24.42786
22.92302
23.9931
22.98659
26.91126
26.96585
20.39694
20.97427
23.37353
19.62387
23.27547
24.66709
24.95086
18.24818
21.42455
25.57894
26.88772
23.32047
19.63926
22.54022
23.83958
24.52258
25.32598
23.60569
25.78235
22.50756
20.92713
22.1003
25.99149
24.43265
22.73378
21.79759
28.01267
24.43797
23.77875
20.95411
23.01427
21.43633
26.0146
21.59923
24.697
21.92009
23.13429
19.25382
26.22706
18.95421
23.37442
24.11138
16.62179
25.24205
20.10896
24.98775
24.44999
24.19842
27.87441
24.8719
23.25126
27.60208
19.29206
25.1549
24.78926
22.34499
23.3128
20.87574
23.80917
22.38483
22.24756
23.16937
24.89939
27.59544
26.70806
26.21189
27.12628
22.76898
24.07528
22.93698
25.06701
23.47775
21.40339
26.16621
23.96416
24.10596
23.81094
25.65721
17.55881
22.51017
21.7984
22.16876
23.27943
24.85335
23.75799
19.21291
24.6099
22.73078
28.24577
24.07367
21.80151
27.34859
25.16633
24.89365
21.68884
23.86666
17.1253
23.25837
25.63111
26.41267
22.98168
20.20495
21.27477
22.9927
26.83134
25.53694
24.59805
25.2378
20.90319
24.57662
20.0319
17.48888
23.85768
24.03609
24.22615
24.36755
21.02346
21.96228
20.44512
24.76512
23.02347
25.20963
21.03587
23.16086
26.3131
19.5112
23.30507
18.37425
27.00083
26.8405
25.06842
26.26138
23.40224
21.27128
21.96179
23.69339
21.87187
25.33631
23.88445
25.49418
22.85458
24.79451
25.1676
25.25593
23.73686
24.1089
23.13695
21.16066
20.22561
28.56899
24.62423
23.96286
24.19094
23.14582
24.8413
23.05913
25.36954
24.53694
25.00872
22.4486
26.0494
22.77844
25.60915
26.50266
21.49384
25.944
23.51642
25.35709
25.38913
22.06749
22.12938
25.64223
23.81921
24.55062
25.23494
27.75409
26.80946
20.61371
27.28148
22.68022
25.00323
26.76557
23.43554
26.48885
26.56714
20.63196
26.2057
26.83503
20.43537
26.95318
23.98492
21.98657
24.35801
23.24836
22.81809
16.01438
25.23323
26.23364
26.12515
21.43924
23.99914
25.20113
28.4336
27.70667
22.97768
16.42741
25.54026
25.37919
19.96127
23.09503
25.21654
24.74181
23.92506
24.16978
25.68178
23.67095
24.18008
22.95873
24.24433
20.27178
22.66866
24.94463
24.658
23.48607
24.84783
26.04974
24.17394
21.59634
26.90969
23.4786
25.12046
24.91009
25.19239
26.84353
23.29772
24.65519
25.67253
26.22161
26.01986
22.15836
20.93772
20.81505
23.83494
23.30941
24.38159
24.13259
19.28327
23.63183
25.02029
24.92584
25.15291
24.78459
25.03774
25.268
24.71292
20.34107
24.56977
23.42921
20.13757
23.08147
26.09966
21.7114
25.70805
22.91063
23.05851
21.26806
28.28832
23.72409
21.65625
24.353
26.08187
25.12513
25.22211
23.38465
19.57361
25.78734
25.85531
22.23978
25.27456
22.92853
27.09452
24.10072
22.29913
23.3019
21.218
24.89065
22.74122
25.41522
24.09058
24.45692
24.40844
26.34263
22.97834
24.76873
22.18349
22.7848
15.48316
20.41232
22.32872
21.03438
23.90942
24.65506
26.15252
24.24954
24.15277
19.7759
22.22572
22.68228
24.73371
25.20022
25.85647
27.0245
23.02653
23.62337
24.42599
25.40566
20.95992
22.2257
23.24119
26.1009
24.33733
18.99953
27.11387
25.2659
24.89139
27.38921
22.99151
24.53242
21.04921
23.39251
23.66843
19.91531
22.77152
23.30248
23.30288
26.51411
22.76926
24.33795
25.193
24.46427
23.32597
24.33922
25.53192
22.0726
25.18687
23.71852
17.28916
25.63456
26.11233
26.47044
20.78882
17.63694
22.64012
25.96579
21.38072
22.60526
21.21503
17.44427
21.76678
24.9097
16.13942
21.05948
26.13766
19.50765
23.71624
22.60688
22.71305
25.43974
26.37448
25.75347
25.89025
21.02799
21.18479
25.56748
23.25483
27.24596
25.50217
23.37425
18.8361
26.10699
23.22746
24.46349
26.64653
18.18842
23.79388
24.25939
24.69415
23.97627
23.70549
21.90248
23.19348
23.19502
24.4537
26.78147
22.93503
24.7438
24.53377
24.85098
20.38339
22.93834
21.55706
21.06365
24.57831
20.44587
22.71717
19.37033
22.05412
22.98805
22.27684
22.03433
21.13674
24.51729
26.63547
20.88811
22.45544
21.78914
25.85238
28.16301
21.30969
25.79523
22.53512
25.02437
24.65499
25.25087
28.1611
23.124
20.19705
24.28852
24.79477
26.52144
27.88952
25.47192
23.88474
21.3869
26.43523
25.04061
23.77518
22.20273
22.71057
23.41908
23.94487
24.42359
25.14642
21.02224
19.84386
22.41538
21.20103
22.95221
21.98258
24.50032
22.71633
22.3617
25.7225
25.10972
22.09122
24.18682
18.28505
23.58157
24.08285
25.41356
24.20477
21.90022
23.43934
23.01651
23.1204
26.08333
23.61276
17.45411
21.65483
21.90459
21.64176
25.17708
22.07095
24.4298
25.4815
21.4802
21.58733
26.21735
26.80027
23.67693
21.41866
22.76939
25.57885
23.73136
23.17758
24.71905
20.67042
21.72837
23.86412
25.65575
22.64323
24.28176
23.24943
25.13115
26.77986
20.95116
23.86471
26.73953
24.66918
24.7161
26.01168
20.96193
25.89186
24.26569
24.70207
23.60146
23.97862
26.6253
24.7804
20.77019
20.41134
25.79072
25.27433
24.19164
25.43906
21.5844
24.32394
23.83072
22.4761
19.6669
25.25155
21.46481
20.04315
25.18425
20.09654
21.34418
21.63706
25.16884
24.1975
21.91614
26.95891
26.62596
22.87001
26.43525
21.90283
21.72029
25.06352
24.35749
21.23922
22.10652
26.18701
23.36156
24.91009
25.72849
27.14209
21.99263
21.76546
26.8405
24.9347
25.14513
18.76969
26.36849
24.89467
26.66713
24.25469
23.16731
23.87672
22.22053
26.09073
16.99363
25.04197
23.20448
20.35219
23.29814
26.88165
23.62201
27.35038
22.4521
27.15471
25.58495
21.68859
25.08601
24.79076
15.95497
24.86293
23.66684
23.80993
23.97085
23.68472
24.62045
24.72315
25.12011
24.99899
21.86947
23.84581
17.18837
25.91053
22.32847
25.25864
19.51623
25.93167
24.08679
25.42241
25.47009
25.20098
18.37208
20.703
22.89037
25.12017
25.92943
23.76971
23.95161
18.30345
20.90355
21.02714
22.12287
25.18757
25.78067
25.4698
24.33517
21.08171
24.08516
27.63799
27.12216
18.7064
24.55023
27.06634
20.06318
24.87859
26.25961
19.88532
26.05412
26.59112
22.53537
26.573
25.23932
24.27273
26.28214
24.00072
25.66164
23.05743
24.7018
27.53618
22.39861
24.16448
21.66529
21.68648
21.84896
24.64765
20.88945
25.37261
22.58388
26.00065
25.59327
20.18196
24.89055
27.16032
23.61042
22.7259
24.43171
23.32461
26.94433
28.52038
18.6388
25.32919
20.05566
23.73145
25.11991
25.44213
24.63931
26.81945
24.93194
20.95956
24.28179
25.84955
22.12639
16.22308
21.52237
20.85353
20.77496
26.83127
24.15711
22.2256
22.53531
24.75809
23.90684
25.48744
27.57871
20.18522
27.24187
27.56609
24.0488
25.22618
20.95387
23.94534
24.35709
20.99745
20.64061
23.42832
23.87098
21.50311
27.60782
19.77494
23.76438
21.55478
20.49758
22.94753
25.78571
26.82146
24.36906
26.0637
26.15122
26.54729
22.89707
25.89475
27.43128
22.20861
23.51378
27.35514
19.52197
24.57826
25.38686
23.36851
20.07047
21.83503
22.42794
27.29402
24.04438
23.1962
15.906
26.5173
20.96189
20.71628
24.92475
25.26462
24.03822
24.14379
25.10964
25.009
25.41742
20.3326
21.69539
27.06691
23.56482
22.79244
20.33964
24.7945
24.37398
21.26534
23.60725
22.96649
21.15339
23.5427
23.24466
25.23196
26.65775
23.82355
24.00884
20.28288
26.43292
26.16647
27.15338
25.43875
23.12707
25.1649
24.39152
22.49306
22.16151
26.4981
22.38085
17.00974
24.48994
25.88914
26.86443
22.18415
25.20123
24.63343
27.19379
21.92884
25.11084
24.58423
23.04686
24.422
21.26736
26.6636
25.75319
19.60045
27.38733
25.22117
23.5036
26.0632
23.65985
21.92491
25.21761
22.40796
23.25217
23.75131
23.15548
24.83947
21.99855
22.52976
23.15974
23.92538
26.08701
14.79108
24.24422
23.18143
22.77947
20.80171
27.99129
24.16888
19.59048
26.18428
23.97699
21.23122
25.00582
23.01783
25.78845
16.99347
24.17254
22.46658
24.17631
26.5018
25.34427
19.53395
25.53492
18.55673
24.49853
23.11446
22.79356
25.83059
25.45543
24.26475
24.90862
26.01871
24.32622
26.75156
23.67888
24.67102
26.15487
24.80496
27.96024
21.56235
24.87022
24.67298
19.74894
27.72034
24.22873
25.66415
18.49593
24.8751
25.4067
22.61257
18.65755
24.94249
19.88875
22.60036
25.23612
23.5479
23.46913
26.84543
26.09859
24.89886
24.1764
25.38815
16.88178
23.01402
21.90615
18.75489
20.1716
22.53956
23.99588
24.50122
23.0541
22.45309
21.61395
25.26672
20.26601
24.4457
26.97653
24.91552
21.98221
20.70398
25.05768
25.73714
26.44624
25.80904
20.18016
22.96796
24.11586
24.88
24.37678
24.8918
25.5695
23.69561
18.5337
26.66738
22.06556
24.47131
21.93136
23.41083
23.66403
25.53844
23.65191
26.70806
25.12928
21.92415
20.01887
22.63055
25.38005
28.52038
23.61616
20.78498
25.20965
24.81505
21.89123
24.66764
22.27534
21.89898
20.52394
24.01819
22.55804
23.52217
21.10399
19.0093
22.68051
22.48225
22.69544
25.56653
26.41647
27.18996
25.43996
22.87874
23.57951
26.61498
24.41426
25.36846
24.02078
27.56198
21.29744
21.86358
23.74078
22.34088
26.48758
21.38953
20.84914
24.4155
23.25094
23.50495
21.60664
24.27227
25.3205
24.89629
20.82871
26.2449
24.42385
24.36495
24.88119
24.69441
23.63598
26.88747
24.30671
23.82925
25.82911
24.38583
18.84754
22.62905
26.14346
23.36534
22.68901
20.10866
18.94899
22.22423
23.7774
24.72531
22.86292
23.24717
21.14245
22.9662
25.1177
20.93914
22.63835
23.81793
22.76252
20.75672
25.70329
19.80345
23.82924
23.87407
24.96148
24.43322
20.90814
22.77124
24.55307
26.54931
21.52728
24.91342
26.61086
24.7625
24.29257
23.47985
23.28269
24.96208
25.68024
17.88777
22.43182
22.61236
25.64361
24.35491
23.88353
24.25274
22.8018
26.99031
21.35403
22.25252
20.06225
22.99308
20.3758
18.91941
24.905
24.40246
23.73591
25.03193
26.01407
24.88977
24.04213
19.96831
25.93964
23.90526
26.78777
19.63071
21.68803
25.01232
21.41313
21.62375
25.22589
21.46326
20.82003
20.83604
20.93442
23.63718
26.57793
19.82633
25.88262
25.74819
23.66076
25.08804
27.02301
24.46164
26.99909
25.37417
25.97986
25.03643
27.52241
22.56302
23.58686
22.80004
19.75798
22.80274
21.46894
25.42908
27.77613
25.05245
21.7167
24.58555
23.98494
22.36229
24.01445
26.1836
27.1345
23.96131
24.08662
22.78673
15.95212
24.29174
25.03336
23.94649
23.75717
26.70674
21.28674
24.56772
21.38819
23.45206
25.20332
25.30839
21.67593
17.0794
24.41271
22.62779
17.18612
21.49122
24.72013
24.18879
23.42937
24.90496
21.14236
23.08038
25.99184
24.58811
22.71302
22.01901
20.65638
21.70627
24.44964
26.05999
23.40995
26.63348
27.67162
24.71652
23.43865
27.28703
24.83825
22.83767
23.65829
22.26654
20.25792
22.17427
27.44137
22.47944
25.92441
25.53851
21.20205
25.14685
21.9546
23.17806
26.2243
23.20564
27.84603
23.52677
26.63531
23.19473
25.17333
25.34285
24.06965
19.87534
20.65824
24.59229
21.43924
26.60564
24.36193
20.89825
20.5712
23.74448
22.70691
24.20774
23.44629
23.46245
21.37393
24.27453
25.40575
20.93577
22.50724
24.18563
23.26427
23.83783
22.31892
24.15449
20.93743
25.19548
24.18009
27.31859
24.96905
23.07577
26.05352
25.51412
27.17763
21.54197
21.64376
18.64399
26.4435
23.49666
23.47152
26.07396
23.84895
20.07643
23.69283
23.84504
25.22635
23.07547
21.62595
25.8962
23.74854
25.96445
23.79985
19.48397
23.67903
25.09844
26.96297
24.34606
21.0055
23.53544
24.62387
21.56609
20.34043
20.88981
20.13628
28.2081
20.90133
25.9271
22.5225
25.3767
22.61144
20.20446
23.65219
23.05252
21.45031
24.34114
20.11131
23.42489
23.89128
21.9535
20.39039
23.42232
25.49387
23.64271
20.87494
20.7613
19.44942
26.2763
24.69073
23.82547
24.44665
27.03287
16.83316
23.24968
20.43318
25.37261
25.61948
23.19449
25.47491
16.51793
19.96942
23.86363
22.19012
25.02521
22.56888
24.26506
23.5685
23.46384
22.75436
23.98821
26.92404
24.3428
25.08346
25.97284
19.54811
27.61122
24.01477
22.45546
22.39082
22.4932
25.90778
23.19326
24.29219
23.14602
26.40446
25.81848
20.99723
22.11924
22.28873
23.62532
21.50945
23.19978
24.68869
26.78395
23.21959
22.86737
24.32949
23.35209
25.2294
26.03532
24.81192
23.75082
23.62157
23.32152
20.89833
23.06068
21.01865
22.12916
24.0847
20.48023
24.6582
26.99858
20.89965
25.19524
26.35873
24.92684
20.64835
19.58486
24.61416
20.36348
23.32081
25.93467
23.79369
26.34134
24.97649
21.4185
24.68029
24.61054
25.33509
23.37685
24.68089
23.13493
19.66418
24.17799
27.54559
23.7602
22.7813
24.76512
24.63258
22.36924
19.76957
22.48269
21.07149
23.72856
25.35706
25.95774
24.59975
27.67325
25.62167
27.05732
27.34459
22.98123
25.57101
23.57415
26.33412
26.60257
26.21618
22.03145
24.59089
24.74959
23.51043
23.82307
23.83365
23.42029
26.58231
23.33837
25.01994
25.18942
22.77012
26.50163
17.97289
22.03938
23.62238
23.99721
25.36549
26.37985
25.7198
27.02463
25.36824
24.27398
27.34259
21.44035
27.93888
18.99386
16.10905
27.48531
17.53866
22.6048
26.45912
24.06777
22.01554
23.9281
21.30574
27.92354
27.9536
23.45667
25.73045
22.87466
24.00222
22.86208
25.33371
23.62385
23.4789
25.10662
24.31601
19.97321
26.33127
25.03043
27.58041
20.40124
27.17017
20.53527
24.37967
26.66574
24.78777
23.11375
16.6818
24.79146
23.72305
24.38187
23.54381
25.67746
14.50081
25.40553
26.45094
25.25797
25.65872
20.34202
24.8751
23.50906
19.2138
21.14681
20.14533
19.02081
23.2725
26.24797
26.66229
21.46349
24.12107
23.76574
24.29891
19.85852
24.21164
25.00983
26.30327
25.20431
18.91086
21.93323
22.22847
26.2903
25.13314
23.65806
25.35957
19.47002
26.25085
22.47586
25.13855
20.27839
23.0017
21.16396
26.8119
24.76708
24.5748
22.70819
23.98455
27.20562
22.02303
24.37856
25.00783
21.26287
21.3642
22.24207
24.88553
24.71868
25.37216
28.80455
24.42126
25.2647
26.51658
24.76529
23.86149
24.64113
22.27866
18.09694
24.84549
24.21161
26.51902
25.66731
21.98107
22.7327
23.23418
20.3126
26.07757
24.60203
22.82946
22.34186
23.29134
21.43991
25.43868
26.35232
23.33305
23.41834
23.55393
24.32772
25.22482
22.72458
24.56591
21.02174
24.18156
24.61211
24.60363
23.16846
27.44676
24.5289
16.64509
14.27265
21.05254
24.79604
27.08355
18.05326
22.68936
25.43022
24.04511
24.35819
23.18194
24.48563
22.31527
23.04628
26.00152
22.11674
25.47911
27.545
18.57955
22.69518
17.60003
23.11926
21.77731
16.47077
19.32708
21.2035
22.72403
24.73006
24.88999
22.82535
26.25501
22.82328
23.36865
23.50729
24.83594
23.32393
24.29772
23.13345
23.78388
27.49581
23.34187
27.49633
22.96169
20.4756
19.51002
19.70235
22.87595
22.4546
27.13276
21.33007
25.50624
23.94249
24.40232
26.22982
23.41834
27.03969
20.13764
21.88919
18.13581
25.68744
24.5417
22.46882
22.55604
26.295
23.85109
23.08306
25.95102
17.01079
25.54861
23.22531
24.74053
23.47719
21.29302
22.51758
23.98984
24.14675
23.02795
22.89174
21.83795
23.72716
24.58707
25.07739
28.45433
26.20096
24.4789
17.58602
20.41532
19.31359
27.80623
16.73421
26.34572
22.15852
24.97015
26.6636
19.67069
26.66733
27.08521
20.5778
22.01648
24.96153
21.02112
25.33432
22.49929
21.09759
26.89131
26.53493
21.24273
23.88518
24.23568
27.03163
22.11132
24.32071
23.82426
26.47892
23.62499
24.59782
23.8319
25.61486
21.81673
23.04266
23.37635
21.0869
22.62557
25.5657
23.08325
21.29916
23.09393
17.24432
25.78195
28.0563
23.25589
21.46633
22.72169
20.0843
21.96683
25.0162
15.68359
24.51789
23.06512
26.20078
22.59106
21.01769
26.40704
26.44799
24.58513
22.48822
21.85684
25.94999
22.90841
21.28044
23.6055
26.14449
20.38788
16.83914
27.88608
24.5918
22.17029
23.45024
25.26273
23.33786
24.43754
24.23201
25.88281
25.00436
23.48324
22.28665
22.94023
25.0572
24.73444
17.73901
24.66441
26.19378
23.26899
22.44749
22.93998
23.77128
26.38025
22.06832
25.74716
23.79541
22.58406
22.32833
22.70224
26.38311
18.63772
25.18021
23.7977
21.6521
24.27155
22.88518
24.33557
25.39522
24.40301
25.64094
22.40638
24.14118
20.97106
25.19704
21.06274
18.94117
26.04607
23.93874
27.40464
25.06051
26.78401
24.70401
18.20966
21.18165
21.85242
26.15252
22.17006
25.07915
24.40253
24.29257
19.9679
21.68466
27.26274
24.11758
20.60156
26.53375
25.16007
25.50257
24.46003
25.21048
20.94185
25.41819
29.52761
20.36219
23.48673
25.42647
24.67461
18.23966
26.61144
25.99389
27.53712
24.91168
21.88112
25.45363
22.4194
25.99921
21.76012
23.37982
19.7556
22.82142
20.24518
24.96763
24.50342
25.1795
26.30512
24.25204
21.53978
24.04939
24.54775
26.51163
23.95796
24.18682
23.48449
26.03263
27.85807
19.93027
15.29708
27.57646
25.19389
20.63339
20.9106
23.9061
21.30685
22.12759
24.69553
24.08427
24.86553
24.87915
25.71061
24.76305
25.61343
24.90721
23.6468
25.18456
20.91657
22.8333
25.81979
26.95143
21.10936
24.47687
23.17063
25.17695
23.59057
23.64007
25.98268
22.52899
19.54873
20.90675
23.858
23.07294
20.83059
22.0118
24.87043
26.53436
19.95922
19.52762
20.50592
25.07217
22.85848
22.81572
22.67965
24.01215
26.65602
20.66053
24.16619
26.97515
21.72525
21.8737
14.89316
23.96179
22.87159
26.39749
26.03092
21.39616
25.4996
21.5541
25.48036
22.45653
24.71986
24.60163
23.00723
18.86164
18.04735
26.72937
19.10133
26.40299
23.41475
23.55724
25.68842
15.34099
26.13579
22.00737
23.03831
22.3875
25.27043
23.16286
24.84107
17.62762
21.6138
22.90117
21.89957
25.7122
25.90404
23.02906
23.99329
23.70638
20.49677
19.61663
19.11793
22.49573
24.48186
27.61239
25.98268
17.51777
21.8733
23.51774
24.34546
21.38098
25.10034
22.58184
17.96349
24.90348
25.26313
27.15076
21.44484
22.03778
18.10003
22.94855
25.97507
24.63592
24.20023
18.66596
23.41937
26.88778
20.32859
28.17024
17.32225
22.972
24.73574
26.34624
22.36288
23.21901
19.94875
23.1401
26.18362
23.67058
25.67838
25.14714
26.32589
18.49557
18.66578
20.54504
25.57398
23.34101
20.71575
23.14886
24.96235
26.95637
23.80598
21.08444
26.35142
25.43743
26.8564
26.24224
24.35755
21.99156
25.96341
22.08691
24.32508
20.76166
23.94213
24.72625
19.5905
20.74638
21.33378
25.18627
27.82753
25.07938
25.83063
24.07583
23.48986
25.34963
24.07043
26.84935
24.35733
21.47281
24.52944
21.48122
25.50939
22.08105
22.17213
22.0325
23.00608
27.21998
22.48295
25.3004
22.60933
25.93561
23.49302
23.17083
21.17716
20.69414
18.34284
24.88097
24.99498
27.58793
26.1294
23.4734
24.39753
25.25672
21.18776
26.13559
24.12026
22.67783
22.64897
25.89337
23.49611
20.83762
20.46411
23.74626
24.5225
25.16567
27.63875
24.57934
25.42049
28.19713
23.4956
23.29174
22.03928
26.33502
22.72237
20.24079
25.44003
26.62726
26.64699
21.79889
22.79097
26.42869
25.15623
21.20848
24.11431
24.89137
24.64521
24.26959
22.35135
24.61829
23.27206
24.24432
23.76395
26.27398
22.44322
24.76966
25.11623
27.82221
24.85555
17.27618
23.1758
23.75785
20.32969
19.3392
23.50522
23.73103
24.3946
23.90124
23.51949
24.41471
24.22588
27.58131
24.41791
26.74324
19.31977
25.75516
24.90104
24.22589
21.68622
16.67364
24.02008
17.7951
20.88069
25.33302
23.55754
23.95717
24.45943
25.51724
23.19757
23.72694
19.74533
25.5221
21.35638
23.23697
21.97572
26.19696
21.57035
20.36307
25.34274
22.65651
25.51992
24.97801
27.01451
22.50064
21.57703
25.20151
23.00987
24.82422
19.54129
22.74692
22.46487
21.11066
23.43967
23.89871
21.57128
22.16569
24.23128
25.36782
24.65529
21.37473
24.23572
24.85758
23.22528
24.57496
20.88688
24.18152
23.57876
24.9379
24.56631
25.04404
26.29915
23.91113
21.49693
24.93701
23.24888
19.78858
21.89594
20.78155
24.12893
24.05068
23.35291
22.67222
26.12157
21.44309
24.55908
26.83278
24.07714
23.18641
23.61773
23.89736
18.80411
25.58998
15.79762
23.47654
22.08736
26.04792
23.4736
22.88554
24.08558
23.84609
21.59124
17.45408
29.52026
19.06661
25.38292
21.38004
19.45943
21.41699
24.68884
24.02634
24.50546
19.39671
22.85885
22.23686
24.09249
26.0266
22.79319
22.09148
27.43432
22.27032
20.17593
23.7995
24.43299
25.50098
23.32935
24.20003
23.04756
25.84203
23.62696
23.41435
26.26977
26.25057
23.38511
22.19937
23.31081
23.99138
23.97007
25.96114
23.85506
23.51927
24.06871
20.63383
23.75707
23.18528
20.99231
23.09741
20.42813
16.7659
16.7238
21.78265
23.86633
22.63047
22.07708
24.21777
25.56099
23.89503
25.32954
24.09306
25.13357
19.04577
27.41957
25.68675
24.13194
22.92967
22.81669
21.73969
23.8267
25.96945
24.78078
25.82701
19.08367
24.69441
25.4108
22.2427
24.32478
23.11192
25.72682
24.33508
21.42852
21.61857
24.44099
26.48497
23.03585
18.91716
27.03405
24.43932
25.81892
23.6448
18.96169
27.06696
26.86837
23.7462
21.4287
25.08985
18.2884
23.48194
24.37306
22.85768
25.05217
25.82754
21.4775
24.66048
26.07598
22.38896
23.00441
22.21947
23.37036
22.71604
23.81652
19.84461
23.15706
25.01423
23.81061
22.11478
23.30193
24.62331
21.61363
20.89178
24.34994
22.71201
23.15668
20.73159
20.70593
25.65307
21.28274
26.55887
23.83347
23.67577
27.66114
23.10091
21.78604
27.40598
21.02528
20.9442
20.45884
26.40699
24.1355
20.17812
24.00307
25.49856
23.99814
25.0693
18.99409
24.85955
22.16158
24.26061
24.32339
24.1956
23.73051
24.8362
20.7566
23.19396
26.46143
21.79743
24.89997
21.87583
24.10842
18.74056
22.40528
22.04963
24.70553
24.70606
24.05969
20.5851
21.06425
26.06431
21.3142
22.64063
22.45726
23.89612
22.41307
20.85058
22.79171
27.09847
23.45249
22.10719
23.21316
25.78658
27.9032
23.60285
26.11775
27.80312
25.04154
23.55723
23.56042
23.06604
21.36626
24.6104
25.74189
23.73359
26.69027
27.51495
26.60524
22.97167
21.13006
25.44063
25.03962
24.82976
25.48034
23.9419
23.81057
21.0334
20.7024
23.37101
25.27187
20.94133
18.26868
24.24566
22.54372
24.06734
25.07757
24.93106
24.85017
21.7072
25.64532
24.80159
23.36563
25.19137
26.60127
25.71912
24.25384
21.17912
23.43252
23.73567
24.13871
25.23282
25.97296
23.80239
23.38097
17.03374
24.13819
23.92191
24.72343
26.031
20.8964
24.78816
21.02138
21.60338
24.86891
23.74883
22.60714
22.7967
21.14883
25.80871
24.64236
22.09488
23.86318
25.83865
24.73819
24.70221
22.07274
22.62164
24.10934
23.75767
24.27083
25.79361
24.13605
23.96968
24.23319
24.56252
23.73659
25.63008
24.04348
25.01421
21.41604
25.96054
27.40617
24.47753
24.13186
25.50185
27.80112
23.73598
21.94268
24.55997
27.06613
21.14345
28.73459
26.45353
25.70855
22.80686
20.22802
24.71911
25.9002
21.52031
25.44621
24.06205
22.81338
22.8362
25.77727
26.98792
23.15187
25.20485
23.60578
23.76552
22.22564
25.9405
25.10766
26.44185
22.25546
27.34916
25.22174
25.63857
27.43364
20.31321
21.79907
15.82834
21.46639
24.19409
28.00098
21.76995
23.00644
23.61611
22.81206
23.6197
21.87257
21.99572
24.91469
23.20068
22.18677
24.21905
24.86126
23.32816
25.27575
22.62036
23.52948
24.62626
24.66354
14.44323
26.77525
22.33006
23.20768
20.57976
20.80952
20.28282
23.08878
20.86663
22.16895
27.84628
20.16132
27.15471
23.59313
25.7384
23.97586
26.83008
24.18024
22.99401
25.22936
22.98905
24.50179
24.95175
22.87898
24.46287
20.76018
27.05922
23.05164
18.68202
22.45466
25.94091
27.69616
25.96691
25.64118
22.28982
23.61911
24.05188
24.29121
18.44423
25.35136
19.42757
27.60698
23.97125
21.1064
24.33638
26.91422
22.31509
21.21113
23.81905
23.74902
26.36193
19.44634
25.26771
23.40216
25.76157
25.64683
21.9347
25.42991
25.95324
27.11197
24.70707
25.31656
23.4782
22.26373
23.48026
24.22853
25.36729
26.00808
22.72074
22.22642
21.47816
23.11009
18.44419
25.57326
24.65298
19.81597
24.57443
24.19052
24.32673
22.22916
23.87915
26.36055
22.72072
20.97774
24.54731
23.21075
24.31779
18.94442
24.06184
26.85251
22.53307
22.34683
18.53202
25.98451
22.43323
22.97259
24.28859
24.22082
19.26251
21.29006
22.56253
21.831
26.49649
22.8261
22.32764
21.91755
20.96572
19.14586
20.68436
24.49508
21.6221
23.57613
23.95955
27.79318
22.63154
24.20472
24.33788
23.20354
22.46881
24.89918
23.08769
26.99468
20.51497
21.6944
22.57321
24.59585
22.34339
21.13922
28.20849
25.77052
24.21428
26.46905
27.38086
24.96147
19.05036
25.53228
24.70883
27.10904
21.43428
19.28458
26.07115
22.18077
22.57169
28.26662
24.46553
21.01336
26.95481
27.35232
23.49142
23.79948
26.18515
17.22027
16.95149
23.8506
24.08563
21.81124
24.11355
26.70581
25.57356
22.54833
26.40174
24.48327
28.90001
25.23831
23.82984
25.28353
25.34791
27.96397
26.43759
26.06324
24.90142
22.22853
22.47706
24.14549
23.58887
21.01161
19.62971
23.34543
26.03289
24.83626
24.01664
22.35707
20.61334
27.0823
22.80625
22.04296
24.80721
22.85129
22.1605
24.66646
17.45782
24.30913
25.50538
24.41798
24.52443
27.0564
20.58023
23.67964
24.53354
24.85475
24.38353
25.54946
19.65447
21.89722
26.83425
20.46713
23.80011
25.68901
22.90763
24.24514
25.16737
26.03577
15.47919
21.15131
21.06884
27.72968
24.86793
24.97825
24.42505
22.51809
26.67656
20.69211
23.5584
24.51892
25.85678
21.74649
21.53809
21.5622
26.35155
22.59592
23.73715
22.55558
25.67404
23.74319
24.09741
24.74108
25.70366
19.45863
25.39341
26.1514
22.94446
22.22581
28.12398
22.26645
24.19967
21.71732
26.21802
25.06084
23.21481
19.8825
27.00977
24.66228
24.05498
26.9376
23.10052
24.01252
24.94119
19.32095
27.66297
24.84234
24.03684
21.86682
26.42446
22.78395
24.71883
16.35469
21.65092
24.99823
23.29822
25.2016
26.26697
23.12646
18.61298
22.20532
25.94471
22.2717
25.43974
27.56743
26.23029
21.85933
22.71485
23.25317
24.65611
21.38339
25.41541
22.84695
24.13944
25.50469
23.40916
25.87652
23.99192
21.22522
26.06587
26.26155
25.52069
18.39059
20.57759
24.22718
20.86397
18.27958
27.79574
20.94008
21.08918
24.3729
23.66587
26.36813
21.49708
22.99541
25.39908
23.26466
25.60629
21.07705
21.40505
24.4309
23.1371
22.2532
25.14246
25.18476
21.6398
22.98755
25.00481
25.27074
26.3222
24.28175
21.48012
25.1735
25.28697
23.77987
24.9495
24.35584
25.59794
23.22961
19.20153
19.64501
24.13556
23.29141
25.32943
24.37356
25.55501
17.56373
20.74725
23.61346
23.80135
24.57394
19.48861
16.38358
20.62509
25.58384
27.98345
27.38999
27.47525
24.88583
22.64697
23.2717
23.8193
20.85318
25.33426
25.14092
24.72147
22.34229
23.84062
25.82149
22.93482
22.45261
20.41953
20.7578
24.00668
19.81684
19.93235
19.63107
24.0669
28.13742
26.4566
23.91946
24.63833
22.26707
22.06647
25.36151
22.56177
22.576
23.58953
24.41927
23.24547
23.56754
21.26569
23.72109
26.15979
23.98943
19.59797
23.176
24.74047
20.86101
23.03616
23.71077
23.33237
22.4513
25.05785
20.53462
24.8743
24.20909
20.25742
24.12572
25.44174
21.7703
19.67547
25.15743
26.26398
26.06575
23.5392
26.14852
21.19356
23.84539
26.30391
25.33808
26.23998
25.58305
23.28083
23.15794
24.51016
24.51318
27.30089
24.44118
25.57547
20.42538
26.28785
17.64584
23.76362
22.19849
25.01086
24.74003
26.09749
23.38535
23.2527
25.72938
26.51074
25.05897
25.58495
25.31654
21.18968
20.89253
23.45034
22.67139
22.88916
25.58124
17.86538
23.78435
24.40857
23.08568
26.19201
22.81747
24.34673
23.61543
24.36896
20.6759
25.37446
20.26535
24.98443
25.55202
18.64165
23.26275
22.62302
23.70184
21.84033
24.38547
25.6402
17.88309
21.34159
25.35201
23.02327
23.64176
26.10124
26.77863
23.95681
19.69458
25.23506
24.27824
26.4428
25.94381
24.79157
27.21535
24.41063
24.64511
23.16801
21.38421
24.39015
23.23096
22.14976
23.00694
24.12876
22.92244
23.59318
22.90666
23.27976
23.90393
20.7555
25.87145
24.88062
24.06119
26.64492
22.63961
21.44513
20.80909
21.70846
21.69301
23.60527
27.43032
25.57042
20.87648
22.16839
24.18415
22.08777
20.36987
14.30138
18.43686
26.72135
21.10308
23.43284
22.42499
24.03476
27.49382
24.83584
25.18129
21.41053
26.589
25.66594
21.02242
22.66451
24.37813
25.86131
26.93024
24.44935
22.76408
21.5349
22.46421
23.65615
22.89031
25.25682
29.08449
22.73497
23.38301
21.30465
23.61168
25.44071
26.56208
25.60072
26.21011
23.20734
26.00452
25.02461
24.75913
21.7853
19.38466
24.45364
20.65047
20.72579
22.61608
24.27701
24.56796
25.53988
22.72566
21.86044
22.44169
22.08985
23.50825
23.90996
27.41391
24.89323
24.31305
21.10494
25.39911
23.04124
24.40287
22.40814
23.22412
23.25629
23.56488
23.47556
22.10673
23.32356
24.33788
23.52022
26.73549
24.85089
22.07586
21.16124
22.05279
22.31641
20.83118
25.31373
20.63727
21.64235
19.70722
25.01204
20.32135
23.72606
24.22779
18.08831
23.23485
24.59445
23.566
24.17518
25.19464
20.74728
23.35883
20.36493
25.65463
22.2894
26.25159
26.50808
22.59251
25.4743
27.41383
19.53477
21.78816
24.49583
27.1364
24.04059
23.24972
23.33434
25.16493
24.60634
25.17801
23.4786
23.9132
24.91154
25.09835
24.32695
24.96261
27.86448
22.88957
23.552
23.36358
24.2753
19.46008
22.7905
26.30561
19.74521
24.10643
23.44547
24.79878
18.35362
21.07248
21.58214
24.21395
26.14801
20.91043
22.52459
21.42928
25.10287
28.67633
23.1065
23.40624
20.66264
22.01225
24.13072
25.57379
23.39051
23.7214
24.48136
26.79039
26.92283
26.6169
25.54251
22.3817
21.76264
26.17551
25.8862
27.81044
24.68923
25.16224
24.42315
23.71514
19.19544
24.33336
28.03795
26.51441
23.3535
24.4731
22.72786
23.12813
24.34831
21.54742
22.53509
23.58734
24.06359
27.68722
24.12517
22.83346
25.24491
25.30009
19.52913
25.8528
22.70896
25.03999
23.27704
20.02028
25.57779
23.60127
23.94583
25.43698
23.48673
25.01424
21.20942
23.91479
23.84331
24.89554
23.81947
19.94398
23.70078
24.05066
23.76676
23.08832
25.2985
21.641
20.52773
22.83671
17.86195
22.86035
22.79334
24.2817
25.33321
24.2433
23.4635
24.4864
23.84743
27.1157
22.04384
15.31953
22.57134
20.8392
25.05741
26.85219
23.71844
23.3301
22.97232
23.6068
22.91882
24.61146
19.134
20.58944
23.19819
24.81235
20.92458
20.82716
22.08044
25.80553
22.94085
20.73996
22.15816
23.39533
22.43637
20.95251
23.81094
22.71971
17.86945
24.22794
24.07527
25.91345
22.61613
20.65343
22.77729
27.14712
26.72981
25.87518
23.03887
27.12331
26.2747
23.32389
20.76237
25.83945
19.56177
23.03154
22.2856
25.12106
27.07306
23.59162
24.83492
21.83843
22.10019
19.04897
24.11609
26.57312
28.01482
25.70518
19.73943
24.33447
25.39983
20.53413
20.32277
25.11623
22.49708
25.35986
20.50009
20.38843
25.03075
19.61141
17.15705
23.4296
19.13587
21.65697
26.47335
28.26202
27.83526
24.4943
26.31533
18.96776
21.60978
25.41627
24.50061
17.17766
25.11513
22.93745
23.4664
19.13563
25.18423
23.62392
24.93312
21.09115
21.57517
24.90142
21.63231
26.43345
26.88431
25.68873
25.74031
24.62057
24.0458
24.75685
21.18511
24.81543
23.03708
23.7422
24.02705
27.4613
22.99107
25.40825
26.46964
20.66169
24.89352
22.24266
25.32719
27.42553
21.44719
17.28259
24.69939
22.41351
23.82824
24.19046
22.74408
24.37805
26.47934
21.54962
22.15934
26.53831
23.14682
19.03599
21.78785
22.63035
23.90725
23.03499
22.79387
23.71441
23.10291
27.53988
24.36912
25.15399
23.72423
24.96548
23.46924
24.96279
25.08605
21.53294
19.18145
22.72582
19.65389
18.2629
24.99445
23.77914
23.67079
24.78788
26.1079
20.32197
23.84688
24.76845
28.07848
22.10958
25.4693
21.18511
21.0595
22.63531
22.29534
25.16894
23.61799
24.84288
21.86569
25.03884
24.84629
24.17228
23.41136
22.55965
24.31457
23.19496
22.23495
20.34439
26.43768
22.96108
21.85201
28.08345
24.22236
21.99994
24.30191
21.99433
23.20477
22.43804
20.78145
24.86538
23.79638
24.73276
22.1872
19.87004
26.77726
26.32669
25.62802
26.39329
19.13083
20.36352
23.99404
23.35222
21.50102
25.48106
23.94991
25.68354
22.20696
25.86393
23.59663
25.96258
24.29772
26.05149
25.9354
23.70281
22.69191
27.22963
27.32596
22.50477
23.95172
26.79555
24.16958
23.75851
18.03402
24.28077
23.36394
26.16702
26.99572
26.20173
23.83577
21.42126
21.08016
23.49364
25.37471
21.29803
26.91633
21.85707
25.62597
21.01659
20.66513
26.2028
27.44509
20.58286
22.78254
21.34174
20.29553
21.39851
21.14484
23.88325
26.84781
22.638
23.53436
23.5215
20.5382
23.04468
27.52292
21.97544
27.21879
25.70149
21.23122
20.126
23.57194
25.76527
21.91673
27.19481
23.81732
26.29283
20.3674
24.142
24.63249
25.75758
26.44579
24.32293
18.55887
24.1783
24.91071
22.21722
24.81309
23.39822
20.46604
27.82015
18.23566
27.59051
25.83262
18.12589
28.74034
24.92589
22.26773
25.61238
20.99367
20.73086
23.77896
23.1611
21.86501
25.09136
26.91328
23.46152
19.81105
23.5014
25.96327
24.03898
23.37434
27.87928
24.29728
25.22878
25.62379
23.96306
21.88995
24.24091
24.10434
20.33024
23.89561
20.07024
23.93716
22.97702
26.10124
25.6358
22.93888
23.8967
18.54481
21.98945
26.051
26.06298
24.14066
24.73579
25.86617
25.58145
23.11492
22.76061
20.70334
21.92083
21.22149
21.50239
26.22821
26.82213
20.89531
21.07612
23.1063
20.76222
23.44166
24.29788
24.00847
21.1543
21.88267
27.45274
24.19819
22.5745
23.18735
21.63444
22.47035
24.65189
25.46593
26.40999
26.06635
20.57419
16.61863
21.74732
19.99642
20.42119
22.9393
25.17398
24.33034
23.86212
25.8606
24.49033
25.39823
25.2023
26.11011
27.147
25.58158
25.9077
27.16798
20.53173
22.36013
23.72596
22.92632
26.53593
22.45402
27.07715
20.62174
24.89365
23.56937
25.48563
21.57515
24.24096
23.0896
22.12011
26.41936
19.0716
22.05622
25.79373
23.75689
18.97137
24.21764
23.28193
26.9569
22.54545
24.31306
22.70577
16.93517
20.48464
20.12435
20.91175
20.86306
25.1203
24.13732
25.32083
23.23464
24.88738
25.44748
25.87894
24.73554
24.42806
25.5505
22.22936
21.74063
22.42908
18.03926
19.92148
23.42397
26.54872
24.23319
23.23134
21.85571
20.41538
22.8869
25.4338
17.58986
24.53058
21.58314
23.3884
27.51117
23.53115
19.97583
24.47635
25.33394
21.83343
25.26168
25.17157
23.40528
23.93234
21.72716
22.96526
26.66062
20.31026
23.65043
20.29897
25.57037
19.69154
22.88567
19.74482
26.71099
16.32472
24.10984
26.58045
22.21146
21.02276
21.54245
27.01911
26.07004
26.12171
20.00289
17.25548
23.71347
23.7819
22.74538
26.63348
23.28254
21.89451
20.34154
25.5318
20.78471
27.71518
26.77554
22.90624
24.63403
26.07603
25.26428
22.22791
24.05613
18.81745
27.31192
25.23579
24.86986
24.62321
25.30546
22.08307
22.36654
24.59847
24.46065
21.67623
19.18813
25.1031
23.77606
26.23019
20.8435
22.89071
22.19178
18.57475
24.7858
25.15685
23.53163
22.2079
25.24009
20.86853
23.80914
20.59714
24.48819
25.9542
23.4908
21.14278
22.15218
22.39124
21.68184
26.87524
23.27684
24.89013
25.51528
22.63855
21.33034
24.92503
20.18195
23.7365
23.92073
22.24446
23.51409
27.4465
23.07586
20.40408
21.91294
23.44562
27.14069
24.10567
24.98452
22.49763
23.48059
20.13111
25.70285
16.96462
25.84772
20.77808
23.86489
27.63875
24.31729
23.74531
20.66986
23.00107
24.90295
23.13624
23.49095
20.23187
23.56701
26.06719
20.6554
24.9283
25.19878
24.06614
22.84958
20.10289
24.62402
27.2023
25.10172
23.42337
24.89518
21.25676
24.15419
25.59119
24.82874
20.12963
20.62924
22.69511
20.38284
24.86267
27.02463
23.58526
25.49004
25.16428
22.86088
24.66662
17.54647
20.23983
18.53299
19.43618
25.8689
24.13526
21.61524
23.36621
21.42015
23.47996
22.53227
23.06905
25.23282
23.57854
27.63392
25.82099
22.88662
27.64983
24.65768
25.22127
23.4133
24.16939
16.7505
24.193
20.85407
26.18713
22.12871
22.16499
25.17963
20.29136
24.30163
24.6352
25.43954
21.72138
22.90836
25.40644
23.99907
21.87824
24.97982
20.78847
24.33827
24.37467
26.15586
21.61439
24.0901
27.4691
26.78774
24.27504
23.83617
26.02461
27.49964
24.03915
24.95914
25.0394
23.91992
24.04045
21.03225
22.65769
24.78433
23.08243
23.74432
20.94344
24.41162
24.34008
25.32743
24.40511
22.39113
22.15323
25.81175
24.50498
24.24365
24.37657
24.09528
21.61762
16.92777
21.18823
25.50415
23.55428
26.33429
20.72334
23.83006
25.06459
23.91952
26.28716
23.22952
26.87851
22.73466
25.32627
19.4754
22.79491
19.28923
24.52972
22.26711
22.8751
26.09293
21.79162
24.25777
25.32593
20.95856
19.64246
23.82261
23.55202
23.21811
19.92762
23.81216
22.88482
22.51045
22.82439
22.62894
26.32632
24.84807
22.65175
22.25982
22.41933
20.35651
19.19148
23.95345
25.18013
24.2592
23.50563
22.6376
23.00656
22.65561
26.70738
18.62939
23.53017
23.22837
25.83036
25.36366
24.90958
20.50968
20.9486
25.14709
21.26031
26.33017
24.34732
19.70484
25.28347
24.8228
20.2509
24.52157
26.09246
19.63067
26.78505
23.98447
21.11209
26.52233
20.98738
23.40528
21.82011
27.52554
21.42135
25.10931
25.05479
28.13619
23.09535
25.17784
25.42087
24.94467
25.02564
25.93695
22.86866
24.33639
26.49209
23.6251
20.84393
26.25452
17.21708
24.3766
21.42169
26.17066
23.25188
21.09917
25.60778
24.42353
24.16425
25.69182
23.25712
22.19097
21.36776
22.57824
22.79442
19.21433
24.09364
27.94124
24.72965
23.78426
23.91536
26.98174
22.8694
23.38499
23.21784
25.33828
21.21958
20.48876
23.099
22.92967
25.75674
24.0288
24.93676
19.75146
19.12809
22.90122
25.83728
20.63029
24.49661
21.10828
26.60894
25.86566
23.29782
27.9109
24.82335
21.11577
18.33111
24.23105
27.19571
25.94438
25.76463
22.47777
23.07135
24.15679
25.95938
20.75566
21.23509
19.70374
19.51202
21.50361
22.5112
24.31079
23.88209
21.22912
23.08498
21.37283
24.51348
24.13082
19.69413
21.2783
26.03531
24.39183
25.99784
24.38025
24.78777
25.46382
24.17149
20.90211
23.48412
26.52843
26.2848
27.49707
20.13915
24.28079
23.068
26.6987
26.84708
26.07385
23.76746
22.43052
25.14576
24.57441
24.72786
23.4973
21.96324
23.00194
20.82135
25.3004
23.30431
18.84376
20.19091
21.62597
23.71868
25.11238
24.44199
27.15903
21.9798
20.27672
25.16782
26.05034
22.02326
27.00697
23.90528
27.14894
28.56977
21.08322
26.5538
20.77408
22.16418
22.43014
25.48225
18.73211
22.08654
27.56153
21.15203
20.5548
25.65297
24.58153
25.51849
23.03707
25.05858
25.03776
21.87033
28.20214
23.81913
23.64776
26.20475
27.24389
26.40708
21.4752
23.59481
23.30809
24.39917
22.56581
25.4432
22.50024
26.37344
25.43051
21.55624
27.33113
24.72385
24.1322
23.75851
25.52547
25.99166
23.89828
26.71066
26.27918
24.29939
20.82532
25.36766
23.89545
21.64517
23.17124
24.57861
23.78291
24.75666
27.19055
25.15285
26.24985
22.31473
23.85508
22.00875
25.91871
26.34787
20.2446
21.0805
25.0597
22.91229
18.77568
20.38126
23.08532
21.67215
24.26186
20.78245
20.28846
24.73417
25.22312
24.81364
17.07399
19.68423
27.24403
20.93343
26.48758
28.59081
24.18422
23.00967
25.53216
24.70655
25.25104
23.76697
24.55447
21.49649
20.81554
24.26651
21.50804
22.35853
27.08507
22.5584
26.98105
24.16737
21.34524
23.62825
26.87473
23.71376
15.10267
20.27226
22.93322
22.41051
25.88244
24.73477
23.05123
22.17255
27.73997
22.2515
24.88964
23.82877
26.37263
15.81182
19.27199
20.50524
24.20086
23.90092
21.19793
21.47976
22.57378
22.35821
20.81016
21.25416
22.5204
20.33154
25.24098
22.83706
26.90259
23.89006
21.66331
23.72935
23.97666
24.65922
26.59567
26.05308
24.8267
24.84028
27.01682
23.78929
25.45586
21.75492
25.2999
22.85377
23.25538
25.03289
22.80262
23.94302
21.20666
25.73033
25.5893
25.66731
22.36644
29.52026
22.52232
26.77328
24.86794
20.36292
21.22053
22.17244
22.46695
23.66857
19.9066
22.8514
24.91388
25.28018
23.24061
21.28202
26.84062
26.23542
25.51791
21.15684
24.16691
23.46121
21.65673
27.0867
26.77048
27.22265
24.53483
25.29394
24.52204
25.53049
22.47956
22.46726
23.52061
25.69608
25.33454
22.08086
24.35154
23.00538
21.27325
25.94691
23.83944
22.03429
24.46708
24.38866
18.79901
21.41002
23.88478
24.18262
23.21861
24.67175
25.41896
27.96806
20.35423
24.12157
24.56533
27.52777
24.26368
21.04318
23.26957
25.57033
22.65913
23.14901
21.62251
24.78714
24.35318
23.13452
22.8403
22.06395
23.20777
25.88692
22.26662
20.57751
24.15122
22.16875
25.95508
25.02593
26.33662
20.14825
23.01582
25.83468
23.26676
23.37066
24.66874
22.71972
23.59463
19.5551
22.3991
20.79066
23.74056
24.11688
22.21173
20.72751
27.06696
22.92089
25.38835
25.51578
24.0635
26.4293
24.53648
25.96567
23.41977
25.14595
22.07257
21.92899
20.28289
19.26786
24.01965
28.17471
23.26032
19.85008
16.72546
23.3459
26.45346
23.44816
23.98703
23.96698
26.70254
16.04591
17.7662
22.92729
24.86595
19.50564
26.00522
26.76958
24.51315
25.80711
23.109
24.17376
27.02907
24.08177
23.42451
24.2135
25.63632
26.01299
21.30844
26.28222
25.10568
17.45053
20.79259
23.8081
25.02257
19.4094
21.80905
19.73153
24.57013
20.50831
23.66243
25.3245
21.80603
24.43893
24.34439
22.45807
23.91778
24.80097
25.4338
23.91734
23.22632
20.65541
22.63597
21.34577
24.31923
24.47958
22.2246
24.07603
22.30136
23.05819
23.69904
24.40281
23.21778
26.31869
25.16561
20.47824
23.01562
20.64459
20.86561
27.20775
22.64767
20.94745
20.86304
24.58551
27.08312
25.53135
23.82111
19.88106
26.21809
27.3763
27.66517
23.25897
21.55183
24.06492
24.01993
24.84481
26.00066
24.9909
22.35557
25.04209
22.07539
20.82625
22.43747
21.41574
25.40308
25.39056
24.76513
26.50426
24.6279
25.54019
22.9309
23.70099
24.37029
22.72843
22.50834
26.93658
20.20409
24.69573
23.39928
23.78026
21.68389
25.01921
22.95236
26.83492
23.55307
25.51502
21.48016
20.23176
23.7432
26.63412
23.55632
20.78234
20.63108
22.20164
24.48508
24.42475
26.1865
23.48201
26.33932
24.46936
20.73415
23.59155
26.22086
22.39251
22.53119
23.21322
27.12216
26.42493
21.49951
21.91023
26.45251
23.92501
23.89208
25.30828
25.48844
26.02116
20.15727
25.96067
23.59014
22.96372
22.94266
23.50075
24.21001
20.56115
27.2554
21.40706
24.0567
20.48923
20.09881
22.9842
22.84232
23.04058
25.3101
21.62917
24.26004
24.08167
27.0372
28.1762
23.06389
25.42647
25.59456
23.99376
24.83828
23.73149
21.46991
26.65525
27.23775
22.25069
25.17875
29.56465
23.44568
24.36724
19.54797
20.55543
27.44788
20.31531
19.50743
24.67994
24.59891
21.40557
20.96242
25.1949
21.69876
19.97651
22.28023
22.98106
19.7543
25.61507
25.55491
22.71331
23.27131
20.8945
24.23328
21.28351
26.6812
24.20291
23.64857
25.75947
21.71025
20.47558
23.49214
18.29411
23.67826
16.66957
21.00267
26.59412
20.03799
22.67984
20.67334
24.15359
23.56652
24.3899
21.67978
20.97387
23.83417
22.93564
25.90527
23.82908
24.65376
23.82186
22.91925
23.43814
24.5888
24.65232
20.46025
20.58365
21.71137
24.97165
23.2739
24.94803
24.35763
20.46646
22.07312
22.88931
24.78154
20.27949
24.95955
25.03678
22.15782
22.77172
25.97626
25.53578
26.978
18.73352
20.11934
21.71419
23.95693
23.5741
23.42024
20.03466
19.93099
24.12982
24.02797
21.00913
22.79922
21.51166
20.52704
25.80346
23.46916
21.57799
18.63467
21.99451
23.94226
18.39988
25.19984
26.07354
24.08519
26.30362
25.88016
24.54163
22.70947
26.16607
24.39956
25.30874
21.80176
24.60481
23.94614
19.86639
19.28858
23.66078
26.34639
23.14193
25.52163
26.42029
27.62526
21.88958
24.27929
23.19272
23.90974
21.28155
23.66597
21.62251
22.7091
22.87915
24.2328
22.22781
25.33908
26.57593
19.30513
20.20554
27.42243
28.97218
21.25968
26.3928
22.83131
17.23694
25.24086
20.79398
24.58478
24.41308
22.50845
25.39276
15.77268
25.05217
27.14046
22.24223
27.35514
26.99413
17.67338
16.96427
24.10818
23.5297
18.06689
21.04993
21.18591
22.97436
26.88264
23.03203
26.73036
26.01755
23.76836
18.15387
23.7177
27.9301
21.43418
24.00343
26.01892
21.36345
24.75151
21.01926
24.41739
22.04714
25.25082
25.0836
22.62427
20.47217
25.9416
18.57089
23.23793
24.74095
24.80855
26.65401
25.1184
25.4616
25.43398
25.99982
24.38554
22.98217
25.21043
24.15699
23.13079
24.86799
19.7713
20.28913
26.96851
24.23304
23.57497
23.48591
25.36695
24.2684
25.22616
21.25282
19.62155
23.64995
21.37651
26.38431
23.80674
21.61699
25.07942
27.38213
23.46784
20.76299
25.64653
25.63175
24.31145
24.50404
26.83332
23.29601
27.2075
24.45058
27.58192
23.03998
21.45579
24.99445
21.51935
24.06964
17.85415
24.73535
25.3441
22.02887
22.56979
25.82229
22.59606
26.01369
22.61089
24.85017
28.63121
23.48648
22.28982
25.63925
20.64927
25.62911
24.54137
15.88912
22.80498
22.69467
22.52702
23.74167
25.57499
22.9258
21.72725
24.73674
25.18725
26.21055
22.35695
24.13904
15.17364
26.25899
24.87792
24.11498
21.61719
25.61513
23.14585
23.59891
24.23674
20.90756
25.67752
18.90455
25.87987
23.92422
20.04121
17.60554
25.71086
20.81461
21.72659
22.71107
23.76458
24.82528
22.06887
23.55776
24.89682
22.55216
24.91735
24.41612
22.69071
21.58775
22.65759
24.94229
24.19797
23.8147
22.12497
24.19532
22.5559
27.39152
24.51187
21.54147
25.34271
24.86232
20.46113
23.49496
22.35891
21.82179
25.66654
28.06848
25.91971
22.02275
26.08099
25.1904
26.29037
25.29868
18.21385
20.36659
25.36548
23.141
24.65851
22.97115
22.28701
24.21823
25.18188
25.07258
25.58079
22.47477
25.37545
26.47777
20.6547
24.57587
18.84818
20.47637
22.52159
23.55489
25.65747
22.15707
22.64997
24.7406
26.38677
22.46107
24.71342
25.77709
23.30056
24.25399
23.60341
27.15794
23.21405
23.0355
16.70797
24.22074
23.07545
26.1566
24.97934
25.48953
16.85172
24.04551
25.6559
22.94205
24.15996
24.33243
24.12821
24.51654
24.98443
22.62532
23.08408
26.58179
25.84962
22.22541
20.56335
23.20318
25.66386
24.68436
25.50098
21.96835
22.77214
23.41783
24.49716
23.47441
20.86183
26.16477
26.548
21.78584
23.7734
23.44406
22.65427
21.5583
22.88558
23.88099
26.26405
23.87199
26.64855
19.96815
24.08854
20.34735
22.08338
25.51327
25.43438
21.29421
18.31148
24.7625
21.99054
23.17012
26.16326
20.97983
25.30406
21.14985
24.91504
24.59654
23.63872
22.77883
21.34014
23.76728
16.44621
24.43819
27.56084
17.76052
21.65754
22.39984
26.82533
24.22999
19.19188
25.14992
20.40704
20.54664
23.21323
21.79733
22.83645
24.51638
23.98168
23.21202
25.36584
22.36401
24.79462
26.17598
24.07459
28.22062
25.26681
26.91985
21.97465
24.74042
21.41349
19.52629
23.85745
22.94518
25.28093
24.02488
24.97729
25.21332
25.89514
24.81493
20.75652
23.28853
20.49939
17.10634
23.14732
22.10995
21.62955
21.95631
24.79496
26.93193
23.74026
23.11486
25.57395
26.00171
24.53945
21.77352
20.40339
24.06445
22.85699
25.12467
24.28171
22.99707
26.44523
25.78787
24.95631
22.20091
22.81616
24.69811
25.49585
23.92234
25.34109
26.91964
23.79541
24.78259
25.86404
19.65682
18.90978
23.53966
25.05923
25.97964
26.55898
22.03884
23.02777
24.81628
20.34857
18.00864
24.43576
24.23805
26.17879
23.27076
19.42955
23.66226
18.27908
28.1611
20.10095
18.85097
25.09032
24.31842
23.92235
25.20973
26.78501
26.28843
28.80517
24.46799
22.03144
19.96294
26.7993
21.6268
23.27402
22.0467
22.57239
24.39728
20.85064
21.42395
16.93256
16.21307
19.8315
26.16621
21.27211
23.62605
21.78325
26.0537
21.45615
21.34431
26.72664
22.63321
27.29517
22.21232
17.77259
26.03875
22.70692
25.84863
22.81622
26.0559
24.36091
18.70294
25.54488
22.73824
22.08974
21.2907
16.19897
22.34023
22.0824
23.86076
24.66307
26.42383
16.65329
23.42746
26.7001
26.17091
25.87753
22.53593
24.80891
24.68519
23.61489
26.07805
25.48427
24.5128
23.20912
24.15509
22.34685
26.02308
23.55661
23.12045
23.43492
20.93625
20.98003
25.07941
20.55943
24.35614
24.4161
18.91101
23.19415
23.47199
24.94119
24.94548
27.92452
23.46137
22.5133
21.38049
18.30301
23.17115
21.80209
19.87591
25.10838
22.12577
22.92654
24.21655
20.78955
23.6019
27.13205
20.20931
22.13343
25.19549
23.10658
22.45148
21.18284
21.16405
21.97777
23.72975
24.19236
21.4087
23.70733
22.3683
23.29721
25.34807
25.89328
22.03361
26.6326
25.61343
22.09369
26.46734
14.77142
22.30339
23.90426
24.4945
22.40216
24.00908
21.70495
20.83363
23.55531
22.88821
23.35314
24.18953
26.7141
21.37737
22.08706
20.52094
23.76
23.20963
22.20946
21.57211
24.36179
23.09771
21.00959
22.85612
25.25307
24.05531
29.60448
24.23064
27.62967
24.17086
24.18956
26.51601
25.89475
25.10299
25.05346
22.85327
22.38139
22.40684
21.30671
21.95094
25.41132
22.41012
21.60912
19.68612
24.74777
23.47167
27.28469
22.18452
25.64136
22.32192
23.11886
23.18953
24.9907
23.12262
26.82224
26.38747
24.60249
25.79767
20.67539
25.41295
22.9634
21.67215
16.29204
19.0493
23.34202
19.53191
22.26672
25.45542
27.2075
25.44865
24.04409
24.52125
24.12858
23.49095
23.59409
21.24454
24.36509
21.94849
21.6884
28.29577
24.21405
23.61693
24.00389
24.82413
21.38724
20.39345
23.00959
26.00117
22.55126
19.72223
23.86767
19.51028
24.85659
24.93814
17.0549
23.12966
24.48713
24.55547
21.56315
22.89418
23.85117
19.30682
27.14929
25.59171
26.05635
25.17948
24.3927
25.63366
26.4122
25.2454
19.88366
25.93503
25.37158
25.45175
23.07515
24.31833
26.58439
24.52538
24.35318
22.87337
24.67162
23.99748
26.98903
24.41332
22.30008
20.9464
22.78981
25.37673
23.43534
24.09424
23.45777
24.13715
25.49906
23.88208
22.63668
25.40817
24.24872
25.23034
20.56933
22.71891
25.73196
24.59763
26.09405
23.51525
27.9228
23.88256
27.90341
18.94497
20.61316
24.44582
24.33649
23.72868
23.5681
24.31671
24.97548
24.62223
22.37281
21.4347
25.38287
24.30063
26.37311
24.35671
25.07532
22.51703
26.75536
22.25936
24.82518
24.95219
23.56978
22.02092
21.21426
24.83204
23.16816
25.44252
22.9648
22.84976
24.55013
21.76035
23.19075
22.73037
23.17692
22.30274
25.84765
22.22988
23.0461
24.85332
21.11217
22.83563
23.17691
24.77758
23.55606
22.87929
25.25082
18.88993
24.85438
26.41281
23.86184
20.59372
22.4447
24.75512
22.29029
22.85135
22.18055
27.60539
20.13867
24.29121
16.71181
27.50072
16.1289
27.50454
22.8241
27.66628
20.2852
25.86613
20.86703
25.58848
24.31912
24.34633
24.42368
22.62097
25.97685
24.69708
25.40831
25.03742
24.71139
22.22128
25.21358
25.55672
24.49706
21.00955
28.73976
21.68945
27.01443
23.24636
22.33016
18.63258
24.29507
24.12739
22.4283
21.5918
19.43848
21.66493
24.59549
24.29562
26.39439
17.4751
19.64333
23.97856
24.68427
20.8897
25.26014
26.36522
21.09854
25.43386
25.94741
25.22922
18.47036
23.15013
24.21103
24.02358
20.93654
24.10323
21.90578
21.82637
27.54353
25.23535
21.86572
20.81636
24.90358
22.69721
23.28412
16.24403
22.29318
27.47079
