24.7122
32.03819
27.52537
35.19413
22.70781
29.72994
30.81807
21.33078
30.49473
23.30657
28.79269
29.44808
31.40038
29.49962
28.8117
25.43547
27.89297
32.80498
27.55791
26.59747
27.08755
25.59407
31.14436
28.37812
26.29773
29.27401
29.99318
29.98621
34.66737
32.21032
29.3131
34.06537
29.47473
31.45092
27.92985
35.42925
30.86871
24.58871
26.59471
30.2926
31.07978
32.46627
27.68153
29.80401
30.33912
34.2755
27.65924
28.29395
25.69747
30.64363
29.86591
29.85578
30.07931
28.32199
31.32011
31.06456
33.38827
30.42551
25.50511
25.00681
25.13789
23.09509
27.99445
29.76003
31.29628
26.42747
28.09921
29.8822
25.73103
28.87357
28.23173
27.66216
30.35398
28.26423
29.22865
28.87629
30.71089
31.72971
34.60943
27.22456
35.07606
31.93899
29.33663
31.02289
34.50282
29.0445
30.65735
26.21802
30.72718
28.26289
29.388
26.44733
31.29376
25.77614
27.84477
28.88261
26.7125
30.34601
25.35933
29.64353
27.6733
31.97216
28.65963
31.38671
26.7389
34.27501
30.26664
31.91841
29.85991
25.99421
24.73386
27.71515
29.11969
27.48414
30.45249
31.27962
32.12031
28.89184
34.13274
24.88883
35.8746
26.30228
32.5874
34.76544
25.95033
35.17921
33.97761
30.31848
26.22036
25.71646
32.72005
29.00478
26.2686
27.45443
26.85813
26.30813
32.15475
31.66676
32.54745
27.34789
34.58007
31.99764
30.48391
28.8275
25.40017
31.81459
27.57435
30.26399
27.32659
33.79733
32.0724
32.39364
23.60982
29.77995
32.14352
28.08513
34.60104
28.83139
23.59103
27.95152
31.63668
27.10514
31.76929
30.79682
35.36358
35.45806
32.62456
27.43431
25.56606
32.33009
29.08199
31.30147
30.58477
29.89179
24.68242
30.01363
33.35396
34.95169
27.14929
29.38684
29.40968
28.46922
28.29516
27.56504
30.6069
27.9843
32.35338
26.63739
31.06265
31.76009
28.71296
30.86888
32.23974
27.51155
27.13702
31.22851
33.45481
28.3724
32.13708
30.58625
30.17047
27.88963
29.39598
23.84305
27.86696
27.00783
26.57984
24.52245
26.85876
26.78779
29.72568
35.16115
28.96413
28.27776
29.62613
28.25031
34.39824
26.27659
30.77582
32.08357
32.0198
26.30129
28.66708
30.82678
28.08841
27.81796
23.53061
29.26816
32.59037
32.40431
33.26338
30.82374
17.62495
35.02266
29.55508
28.71677
28.79932
28.37658
26.10019
33.21171
28.44274
30.99008
29.68367
32.39936
36.2164
34.53542
31.31257
26.70081
30.41844
27.58188
27.38784
28.74969
29.00379
34.31215
26.70199
33.98459
29.76132
31.02256
28.04748
27.2759
31.98529
28.82234
32.95604
28.78357
33.11818
29.40016
26.77985
27.45254
30.8697
29.35697
32.63109
31.96626
25.73692
34.45876
25.50728
30.93055
29.32586
32.81072
28.44455
31.69374
29.2325
27.02838
28.92011
25.97206
27.14753
33.6586
23.52681
31.23794
25.03965
27.44134
28.58008
28.12801
34.96609
25.3346
26.75442
31.11075
26.13827
33.75595
30.3174
26.25968
34.06491
33.3633
32.71558
30.43732
31.56525
29.38674
32.08429
33.29058
25.48172
32.60335
26.9495
29.59471
26.97846
28.8502
24.93588
28.84987
28.70289
28.8101
30.7507
28.13816
31.34904
34.6109
30.18557
30.04128
29.33313
33.03403
30.90378
32.88544
32.862
35.76663
22.94217
24.7753
29.19438
22.54666
26.80928
29.36789
32.87366
30.85984
28.03208
26.06895
32.388
33.04865
24.17286
30.27597
31.66513
32.61179
35.26561
30.36193
32.84981
30.42268
24.80304
31.65319
36.25892
34.01212
30.69588
26.73303
29.32216
29.20659
29.94256
34.3943
27.78446
25.64748
35.81868
32.09017
27.08954
32.04581
33.44685
33.90415
28.45703
31.28845
26.16252
31.57569
25.1564
37.0503
29.27476
27.89635
29.04951
30.57417
27.01391
34.00113
21.19543
31.93119
23.31878
31.68039
29.04947
31.13001
22.02118
31.13582
23.25558
31.92364
28.49194
28.79084
28.45773
28.35057
27.32168
32.3754
31.15434
32.2425
24.33933
31.92578
28.40297
35.59274
34.44989
28.24826
26.04236
31.02677
28.0474
33.0717
34.17477
25.95282
32.49866
30.48334
25.01721
28.94912
31.91608
29.17971
28.0893
28.47652
25.38785
28.7444
31.93252
33.24434
32.62659
34.63912
33.34417
29.81297
28.05128
27.53027
33.27569
31.57094
30.15648
30.4733
21.25371
31.59204
36.10976
29.09602
26.80005
30.32161
31.64452
33.3866
34.15098
28.57844
31.55441
33.43398
26.49461
33.98172
34.68017
24.60007
30.80725
26.28489
31.80927
30.16824
33.65957
31.54998
29.77655
25.23362
33.01048
32.63417
25.23916
28.50315
28.87334
22.00754
28.04649
33.929
28.10569
33.20953
33.06757
27.28788
31.62267
26.90443
30.82554
30.76824
26.97062
33.15701
30.69807
29.85069
27.1932
32.07157
26.61655
27.85051
25.80782
30.26812
29.79824
34.64866
35.03197
26.85975
28.30326
25.03656
28.33742
32.23306
32.14619
27.75416
28.9464
32.87472
33.80002
32.68759
29.79597
29.93465
35.45512
29.18915
28.77775
26.82895
22.17956
32.16959
27.65651
28.50966
24.44997
30.64746
35.29107
24.22769
32.33927
31.71259
35.1086
26.70432
32.45388
34.22967
26.66193
30.90143
26.39452
29.01717
32.43196
29.10086
30.96539
25.63491
29.82239
28.01649
33.19769
29.65751
32.14076
27.90331
34.29597
33.04913
28.42339
30.75502
30.12533
29.47133
33.09261
25.69852
30.04446
29.26866
26.94414
30.0325
30.11326
28.07244
31.95204
29.77905
28.19953
32.08253
34.14983
34.2139
31.67131
20.42412
29.96944
33.26943
33.18439
28.42698
31.3485
28.77904
33.3231
29.25067
29.90785
35.27308
30.90477
29.06739
30.62916
31.45549
24.52804
31.24423
24.36134
27.36189
34.59587
23.20175
31.63663
30.4165
28.13156
33.23755
22.86428
28.09515
27.52268
25.75688
29.02797
30.00056
30.74156
27.9621
30.12701
28.34586
24.8796
29.25833
29.30675
32.49417
30.30357
34.25919
32.64613
24.85791
31.90057
30.17313
23.62968
31.26702
33.216
30.48013
28.98077
30.64027
30.07206
25.9132
26.01827
26.39681
28.80479
33.34277
30.41884
28.08377
25.98124
32.94985
26.61965
27.77897
28.99752
25.79068
30.37064
28.48611
31.79769
31.12894
33.14458
28.12057
28.20306
31.36418
33.27569
32.25552
29.08156
24.02429
28.69377
27.72521
32.46948
29.60931
30.91276
32.6672
26.01579
31.28042
24.46623
31.82141
25.11962
30.04122
27.63953
30.68398
29.90976
26.86413
29.00749
33.44676
23.24118
23.90429
29.30273
28.8314
33.0036
29.43755
27.6312
31.19641
23.70648
32.5462
28.1191
32.10807
27.81343
30.19362
26.60594
36.46438
29.64082
33.4913
25.28979
30.12744
26.43162
23.70176
29.00421
30.06694
30.40633
30.47635
30.36309
24.05688
29.10739
29.50527
33.72337
29.66676
28.20992
31.11798
28.41122
31.67247
26.26992
31.18034
28.93631
28.67117
27.56189
27.35354
28.17433
28.99807
27.96327
33.68043
34.55027
32.42387
30.06264
25.42148
30.04736
30.4389
32.78245
32.74562
32.05121
32.63222
23.03248
28.6069
23.67192
32.14655
31.77412
25.59909
26.8113
29.52997
27.55663
31.45946
30.97568
27.6997
34.92824
30.46881
24.21669
26.04084
24.35692
31.76881
32.2717
30.13266
33.29033
29.99628
35.12882
24.15172
29.62817
26.78932
25.03867
30.10004
29.99721
30.31113
31.42
33.71768
34.71081
30.28108
28.42777
26.53832
29.82187
25.82895
24.69211
28.19277
29.57854
32.06151
33.39069
33.51115
30.08519
31.32315
31.68272
27.80197
29.62897
31.71045
25.846
30.12071
34.62981
32.46974
31.9541
25.99792
31.73115
29.25349
28.10956
28.26748
32.25445
31.85018
29.84004
29.8686
30.08463
32.39708
28.99862
33.32563
33.48607
26.34483
25.26108
28.4928
25.41523
31.52118
30.60306
28.38335
33.75083
35.22459
27.06359
28.16295
29.10818
28.90637
31.48009
35.47944
26.9913
31.30926
28.65792
27.92635
29.81233
30.78434
29.75663
24.89604
28.32118
29.12357
31.32694
26.47478
28.6587
26.04953
25.24637
28.50534
29.3365
28.9509
35.27493
24.91606
26.26764
24.82537
29.9762
31.22421
27.18709
28.85143
32.26172
30.90457
27.11212
29.26522
24.24115
30.68398
31.9213
31.13479
28.24073
25.02417
28.11843
28.57082
32.81202
34.64498
27.88818
29.61767
22.85662
26.29352
30.63425
27.85631
31.59451
29.49128
28.82203
34.29122
27.1019
27.26619
34.32468
28.88755
34.98305
32.21004
29.17457
32.90463
24.72911
32.15674
21.96826
31.92814
24.51618
29.78209
31.14384
33.18675
27.78849
28.66788
28.0877
31.20446
30.12569
29.68529
28.708
38.54226
28.61658
25.04727
34.0334
28.22805
31.08312
30.4275
32.88167
27.48185
35.57051
26.77166
29.57395
29.41367
32.18616
30.78333
23.00946
28.32778
31.78788
28.76968
30.16205
32.06328
27.48437
28.13202
31.74381
28.63204
34.46073
30.81036
27.85498
33.26973
28.60369
32.17979
30.35863
33.67693
30.21195
26.03679
35.98706
29.74487
33.02937
36.11164
28.85039
28.01933
31.48374
26.56915
27.55331
35.28736
35.48477
30.72509
31.2048
24.27289
31.41501
30.26413
28.32077
33.31424
31.10476
25.87109
29.78312
21.13913
35.17103
37.35303
31.28976
35.54125
31.78252
28.99372
24.90525
26.50909
22.73996
28.45165
29.53427
32.02575
29.97131
31.68711
32.38869
29.56781
30.244
30.53248
30.97636
33.27053
29.10743
26.42219
27.71115
28.50052
27.15085
29.65994
30.42282
27.5859
22.06595
29.68538
27.5233
36.04927
25.26519
28.65568
29.74563
32.43274
31.68782
32.72611
31.58368
27.56053
27.83452
31.48902
31.06169
33.14052
33.01159
28.74396
30.3461
27.43345
29.17242
32.91812
35.55891
30.65157
31.37563
29.74575
27.78578
38.14053
28.43504
31.97873
31.05243
30.84837
26.33428
26.90572
26.93038
27.47672
26.03831
25.8479
27.68057
25.86821
31.93818
31.97317
28.07772
31.89266
27.36882
24.42421
32.77917
35.9308
27.31818
33.21887
31.55961
32.15569
28.36324
27.36215
29.80909
29.34425
33.82281
30.88354
28.83871
26.88185
28.30263
25.31274
26.66559
31.82382
30.86974
32.92658
30.70452
24.93299
21.3464
34.68267
24.55455
29.03409
31.32951
24.35792
23.69118
27.56429
26.07271
22.66989
25.89848
25.07514
30.75959
29.98465
27.635
33.5069
26.88652
27.06642
30.81625
32.63864
26.03158
27.10178
30.88877
32.75681
32.35583
27.76251
25.77483
27.14425
30.34259
30.88575
23.94725
25.04442
29.73403
30.42138
29.91884
32.87371
27.41373
30.71992
26.60184
31.70153
30.86466
28.02582
27.23363
22.55293
26.77519
32.00578
35.25011
30.76408
29.88882
28.73011
27.5747
32.97195
31.08023
26.31947
28.65087
26.78793
26.89514
23.97635
28.12916
28.57443
27.32346
31.22858
30.38556
29.46371
34.68929
27.9541
25.39818
27.09844
34.79716
28.01247
28.67054
29.18269
29.71956
29.04376
24.56216
33.71661
24.20963
33.03334
30.73354
30.0156
30.69683
34.3782
30.74235
30.71336
28.53109
30.62891
33.89534
29.93211
30.8196
31.62205
30.6066
32.10977
23.53417
30.06456
31.36468
34.73975
31.57482
34.39538
30.79021
24.09444
25.95225
31.2453
29.05582
20.85064
29.49457
29.67614
30.09129
36.29857
29.66032
30.37706
24.81611
26.97275
24.54405
34.53031
35.64
36.2992
33.03238
26.34432
25.1487
27.63
29.93025
27.47984
30.94184
29.15795
28.11721
28.39099
31.97515
30.92303
23.88538
27.72294
27.65008
27.77912
25.92267
31.69353
27.22319
34.25541
33.66695
30.31661
30.65151
32.94104
28.55986
22.43639
27.99053
34.97804
21.02802
33.50304
26.55494
29.10667
26.44042
28.33271
27.67928
32.00337
36.44778
27.56225
28.47755
26.11475
31.00496
26.39103
31.48348
33.25447
32.21214
28.70372
31.04425
30.67745
27.95351
30.60283
31.64852
27.71128
28.25805
25.47474
33.92263
23.3033
27.61878
27.65346
30.9871
33.1353
29.70454
32.3488
27.50749
28.4508
32.48435
29.40891
31.40784
28.44674
23.97456
30.53346
31.91262
30.10899
31.98218
29.25782
29.22752
27.38109
27.06227
29.44491
29.16095
27.67384
25.40335
26.38754
25.20845
31.62227
31.34188
30.67263
32.91945
27.08944
28.35584
25.79085
28.62616
30.09664
28.74209
30.21817
32.80026
29.55664
23.94001
32.11224
28.37233
32.06942
28.60087
28.38423
30.42222
25.69501
24.98204
33.84101
32.24518
32.54957
31.3225
26.47437
27.21745
27.88023
32.48674
29.48817
24.44348
30.88061
23.97344
30.1133
28.35658
29.67091
34.57246
28.64832
30.51711
25.22657
29.79407
29.36102
28.16475
26.40666
27.29128
24.47262
30.17353
27.04162
33.41986
32.4216
25.32336
31.68926
23.65621
28.50951
31.17072
29.99389
28.49454
24.1621
32.49443
28.27629
31.31445
29.38504
33.23887
27.42072
29.78579
28.97641
31.07693
30.76844
24.63395
30.38262
29.42533
28.6723
29.8253
26.52116
32.80417
29.32608
26.08833
31.05842
35.12492
29.02582
23.71939
27.93952
27.89009
32.23581
32.59402
32.38991
32.81632
33.37178
27.49581
33.79168
35.41222
33.25947
27.07189
23.82248
30.95039
30.99071
33.13109
30.92797
26.97093
22.94286
29.96375
30.17264
30.13671
28.15364
31.94001
30.7587
32.4619
31.52714
30.69376
31.99767
32.18943
31.13818
27.01774
28.98312
33.25302
31.52064
28.17424
30.22061
31.99167
26.82271
33.73959
30.46961
29.66934
29.70463
33.48796
30.07539
31.24545
28.42092
28.43873
30.24082
25.95784
30.61209
30.55189
33.42932
30.00345
30.29182
25.62316
25.72884
30.92763
31.89909
29.13221
33.36051
26.57959
33.82782
32.0484
26.62271
30.41735
32.27943
25.39135
27.32041
25.96177
27.89007
25.42906
30.57528
33.03362
29.18272
31.99592
27.89944
30.76408
28.6911
28.77585
29.84065
30.93546
33.75353
33.20706
26.54269
27.01157
28.39184
22.92528
29.92064
32.61423
30.3041
24.60488
31.45321
28.65015
26.95563
29.47207
28.07908
36.35809
33.18056
33.57051
30.26663
27.83865
35.06866
31.485
27.34704
32.1684
28.54596
32.42628
27.42594
30.87223
25.48579
31.80628
29.828
26.82602
23.81559
22.00716
35.2765
33.90796
27.95364
31.42563
26.85463
29.21393
30.44193
27.73112
27.33837
32.03008
36.29692
30.25027
23.95646
26.51281
26.30979
26.48825
28.61925
28.02886
30.0241
28.11502
30.24997
35.39515
31.25782
27.71105
30.49163
29.01071
35.80981
31.27978
32.00159
27.1972
31.01656
26.73157
23.87161
28.00833
30.26978
30.10551
26.01278
27.64756
30.90118
32.37688
26.12642
34.71619
26.99335
35.71606
25.36973
29.0475
32.71519
29.00999
26.82611
29.95835
29.22214
26.75555
24.90342
28.05557
23.64782
29.67968
27.85641
29.40388
30.84659
29.94887
31.84612
29.05364
29.93316
29.49527
28.46729
33.05185
31.50388
29.11086
23.5665
28.34272
27.02679
30.95299
32.88061
25.79272
28.96873
28.94622
27.76909
31.6213
28.63043
30.42222
27.92097
28.88269
30.14909
31.28472
27.9168
27.11461
29.10012
32.64215
24.39875
28.55186
28.51493
33.40309
33.26034
26.69716
26.39275
29.29591
29.19403
26.2491
29.11441
26.23649
30.47387
24.38516
23.48487
27.50778
27.31015
31.57344
29.10652
29.19777
26.72241
26.45518
25.35634
34.33989
30.05259
28.8628
26.62943
28.9394
30.7924
33.96613
25.28665
28.6855
33.86756
29.38814
30.205
27.80739
32.82761
33.12712
31.12083
29.6213
33.51153
29.25416
27.20912
28.6805
29.23424
31.6496
25.85126
30.19437
29.21194
26.25944
28.62002
26.91271
27.57561
28.04959
27.44877
28.88482
29.77774
27.52523
28.96175
31.87031
32.98707
29.93071
33.09663
32.42378
27.45015
31.13216
29.68841
35.06345
26.36924
30.82592
29.90729
30.48747
31.93129
26.59628
32.35683
26.99302
31.66518
24.9456
33.38014
29.23604
26.00536
29.99035
30.61689
33.64076
29.68177
33.88255
25.27224
27.93214
29.55252
31.1596
27.38667
32.38978
30.11127
28.41358
24.3769
26.85214
32.11502
23.79311
27.87281
33.97509
29.12725
25.76804
30.70375
29.69962
27.57036
27.9305
26.10336
30.10015
28.1166
27.5206
26.42464
24.5158
27.66408
28.82964
34.15039
30.52924
30.83039
25.52346
29.69372
28.03002
29.49999
32.52403
26.02621
24.51169
31.8638
28.34656
29.34317
33.14895
24.10936
29.36262
23.87099
24.32225
29.8015
27.23104
27.90681
29.84061
28.48628
31.12042
28.69733
31.16278
30.38819
28.46271
22.42507
29.47221
29.74372
26.5741
34.09378
31.15993
33.89534
27.83131
33.75746
27.98821
28.81371
25.97762
31.89764
28.48737
24.50041
30.40466
27.86269
28.06985
34.06499
29.67706
30.09099
26.94759
25.28721
28.68711
27.60884
33.38025
27.50105
32.33207
31.01272
30.02173
32.79199
29.30108
27.80359
29.0631
22.25447
26.04037
26.5453
32.91637
31.08881
28.70762
26.23551
30.69127
30.86681
29.23801
31.39788
30.58059
31.48872
31.39921
31.72346
35.2532
29.23754
31.90795
23.83743
25.73488
25.09449
28.32368
27.72967
33.03334
33.1989
33.9939
29.36873
32.96609
26.66146
30.30224
28.83631
26.96943
25.8372
27.90607
30.1414
34.5505
29.76599
33.33177
32.38046
28.15313
31.78976
29.62997
30.54425
27.42555
32.42625
29.22195
26.19823
30.07167
27.8943
31.90382
29.93458
25.68994
21.56092
32.54293
24.30116
28.26613
27.77743
27.83696
29.53217
25.87758
32.14666
29.84057
23.10354
25.7251
32.8307
26.60004
32.12242
20.95746
27.21784
29.47447
30.1553
29.13623
26.89784
30.76046
31.64872
35.61702
27.6607
21.41392
33.03378
30.50048
25.146
31.9309
27.04322
33.43056
30.05194
30.95231
33.97009
29.83347
33.32502
28.13193
30.67086
34.07496
34.60391
31.99309
24.58342
26.01805
32.40988
31.74615
33.81247
29.11032
25.94105
27.37159
30.25878
28.46372
29.58846
23.47847
26.23184
28.16366
29.13239
27.45246
34.72495
32.81694
27.61406
33.23438
31.81365
27.00073
31.65901
32.32435
32.26368
27.40143
27.10729
26.69661
32.55316
31.76765
29.79831
32.43462
32.93998
26.26001
26.74509
32.60621
32.05903
27.0075
32.55638
26.77716
33.45767
26.68042
31.74758
28.31671
32.34738
25.35836
29.38777
29.39705
30.54298
32.72408
32.46221
27.60339
34.30193
31.42336
33.31408
30.58719
25.22668
32.54546
27.98485
33.2268
26.92675
30.9211
25.27672
32.41977
28.34987
28.07862
34.16057
29.59136
33.80974
24.63342
26.75499
28.99965
26.02307
32.33633
24.98686
26.50165
26.31486
31.70513
36.28674
26.63638
33.25532
26.72816
24.1258
34.32066
28.153
27.49103
34.8895
29.14027
25.79171
29.37996
30.63725
25.06607
30.87247
28.00443
25.10065
25.49342
28.81814
29.14664
23.8469
30.08179
32.88693
29.06965
31.05768
27.33888
29.27017
32.21223
29.78991
29.89346
26.5257
30.00553
30.50693
27.90154
32.36822
30.28745
30.99099
30.00338
29.14479
30.06413
32.56095
28.07343
31.28541
28.97755
29.89393
22.9296
28.48862
26.52272
29.04906
19.30022
30.94049
26.85963
26.39998
32.22531
31.45383
29.352
27.03669
30.1458
35.27824
29.32402
27.59985
27.51003
33.87745
30.45628
29.2518
31.52958
26.97598
28.15302
26.86076
26.445
35.9573
30.4937
30.08267
33.62184
30.48896
32.08053
25.95964
25.49278
24.01157
35.38481
31.31431
29.65549
28.11223
29.42671
29.64674
31.09974
28.50069
30.41345
26.79355
30.43763
24.77182
29.14962
28.08453
31.09536
32.04167
25.65128
22.77952
30.03503
28.62904
26.54397
30.17951
28.59158
31.24456
31.41066
30.15493
33.17459
30.19619
28.68798
24.61455
33.05364
24.9105
23.87337
24.64062
31.10478
31.1188
31.95651
31.6015
28.55714
34.73594
31.66676
28.65054
29.25306
28.06847
28.46003
31.03514
30.15338
29.81039
34.25919
33.0266
25.39793
29.14956
29.85729
29.56295
28.93606
29.14382
28.33231
31.3801
32.44311
30.75549
28.65304
26.84555
28.72913
27.78612
30.54453
32.05202
27.09736
28.82964
28.8743
28.89456
30.46793
28.07337
24.99931
28.83867
27.41228
33.13742
32.54661
29.49083
32.49138
30.2066
28.90247
30.26959
30.4232
26.30451
27.81868
28.1197
29.83583
28.89163
32.45083
33.12051
25.37016
27.01376
27.2724
26.32766
25.93815
30.4517
29.82942
31.65849
23.49393
31.78514
30.87763
30.40374
30.41325
30.62508
30.48091
31.96983
30.45316
32.07061
25.55476
30.6585
23.40178
29.94648
25.34368
31.44361
27.41812
33.6517
31.07273
30.04967
34.24805
29.88649
28.45899
31.2605
34.30155
30.71394
29.48287
29.83882
33.7584
29.16737
36.56774
20.88149
30.59115
28.23487
32.70338
26.20803
26.55899
31.43865
29.8258
25.42581
30.21131
28.04994
30.78359
30.18401
26.89562
29.64313
27.339
29.70541
27.86105
30.5692
32.66606
29.13871
27.06167
27.46756
23.89981
23.42031
31.3136
28.93166
31.11276
28.26948
26.89421
26.67745
30.34749
23.80098
32.19945
35.14151
25.59382
32.65115
28.98149
29.55687
33.18332
35.02173
27.02288
33.62714
28.73557
29.31929
25.44231
22.00495
32.9889
29.98944
30.82857
33.01312
28.00846
26.64376
27.52519
29.99328
26.10786
25.799
30.66551
30.54296
24.18167
32.63113
29.23745
28.5451
27.76316
31.90478
32.26208
35.69464
31.21515
31.57544
28.71124
20.71833
30.40858
29.83984
29.74469
19.79821
29.91472
23.07077
29.48812
26.34165
28.30522
28.63001
27.60561
28.91546
32.63078
25.82208
33.69881
28.24016
29.30242
27.3194
27.93604
29.53805
32.78587
30.18084
32.56405
32.23542
32.63088
31.26785
30.49988
29.34252
28.83719
30.75163
27.645
27.6476
28.02472
33.11361
29.99484
28.33028
32.77923
31.88482
29.05279
31.75862
27.0718
32.26742
28.17264
27.5538
28.62263
28.59879
34.13274
33.85015
33.61578
30.61178
28.94634
30.10705
33.24686
32.63959
31.9997
28.03585
25.48042
26.42656
38.02874
29.72645
29.61775
31.67062
28.33027
32.83149
27.39202
31.30597
32.17623
29.82212
32.04631
32.5387
28.96811
28.66769
33.43034
30.82656
33.40411
32.24188
34.42049
27.88405
31.73098
34.27367
28.99375
29.84631
24.15082
25.78717
29.29068
28.59963
28.95483
28.16628
30.74229
32.17914
27.96859
31.72339
29.81868
30.5521
33.46388
34.75859
33.35373
27.04027
28.64445
28.00635
28.68764
32.3311
33.2236
29.47339
31.36136
31.40055
28.39231
31.68753
29.43816
28.91068
28.49645
28.06635
26.76814
27.15535
33.64551
28.6873
29.46834
27.86939
31.86944
30.18282
29.39936
29.54046
29.71781
28.45638
29.90807
25.45702
31.24891
25.89539
28.73699
31.85539
27.69197
26.80446
31.9592
31.5371
28.46873
33.31715
27.96537
31.86159
31.50291
31.89859
25.53898
31.59095
32.91518
29.58297
28.93285
32.11908
32.41063
32.86146
32.28675
30.26942
29.10926
31.64649
31.13037
32.23231
35.53442
32.89647
29.96699
31.64788
22.97578
29.58093
32.66342
26.68151
29.66225
28.17276
32.40174
25.28528
27.793
27.20488
30.05397
28.84405
35.81315
31.4025
32.22507
35.60386
25.96551
24.31394
29.67141
32.14473
30.03931
31.82993
24.92426
27.86161
26.8521
36.86912
33.08106
31.56656
31.08089
30.1064
29.37681
27.25419
27.86876
30.11337
29.2946
28.25579
30.45341
27.35484
24.27878
32.27398
31.1349
31.11642
29.68807
32.9423
29.0811
28.95272
33.27554
27.08702
32.05659
32.52022
27.95631
34.36142
35.47944
35.95053
26.9003
29.40056
28.2101
28.94131
30.20041
27.75114
27.45612
29.18897
29.91538
31.39195
27.98696
29.66742
28.63757
28.95544
34.48032
32.20014
35.26192
29.26468
29.15052
25.94544
29.56372
31.41287
20.23775
28.48722
28.86785
32.77531
32.29337
27.26539
32.72086
28.23024
31.44137
26.7336
28.25378
30.89473
27.11344
25.46945
27.98439
30.59743
29.0617
23.32989
28.74671
29.93382
30.92368
24.14245
32.21713
23.82934
34.15829
30.79558
31.18567
24.9491
29.41604
26.26671
26.7049
31.67209
30.59736
27.11844
27.23956
31.46451
34.29508
24.96175
26.8602
32.69278
29.5943
34.04609
33.03973
26.90998
24.30251
27.7286
34.62551
28.62811
30.05811
26.53467
27.70801
34.6427
29.47476
29.13114
28.46413
33.18484
31.04394
31.47337
28.11763
30.19377
30.8264
32.15124
28.01907
30.87624
28.08114
30.04844
32.30325
31.77009
32.74399
28.55265
29.37266
30.97096
31.1451
30.81872
28.07066
31.5439
32.82118
21.86729
25.38039
29.41831
26.61486
25.2333
27.43288
31.659
34.03061
31.81379
25.28054
29.37533
28.17016
32.75749
28.4154
31.71052
33.31638
31.55307
30.19901
28.70444
30.27446
29.69472
25.06136
26.0988
32.77245
29.31284
32.06765
27.31858
28.69273
30.66159
31.08911
27.97627
33.45686
27.50156
27.32517
26.69737
30.53876
27.31708
27.66088
28.91728
23.35096
32.03696
29.11025
26.75498
29.49253
27.98668
34.08742
31.42805
25.72514
33.79215
24.35945
29.80582
31.6615
31.93161
29.19223
25.60897
31.34311
27.94651
28.77529
25.26522
28.20739
34.76804
32.91903
31.54317
33.50533
28.86712
32.70182
29.34678
32.64513
32.03794
28.36446
31.77009
31.61846
32.56461
33.63061
29.84436
26.46868
28.09612
29.71182
27.50236
27.86804
28.56109
30.22222
28.88453
27.89665
25.11889
33.19737
32.10977
24.76756
35.75132
34.59235
32.20789
32.16236
26.85114
29.08783
29.42794
31.75845
30.36184
29.3143
28.724
27.4011
31.23374
31.62032
28.75554
30.84391
28.25417
30.68834
29.0015
23.96279
29.07608
27.47477
28.48411
26.58826
27.42831
26.13479
30.52982
25.33954
30.51333
33.02932
28.3692
28.32692
30.91829
34.76545
29.45752
28.26441
26.69947
30.57455
36.2164
30.93822
31.12732
27.7687
25.97061
27.73542
28.55155
30.48541
29.95664
29.2707
32.48668
29.43247
31.55867
27.9349
33.7004
27.18557
33.54997
26.50169
30.22928
29.91419
32.27903
30.39432
30.27817
29.67593
27.3191
33.20226
27.45953
32.92055
28.71382
27.21159
26.73268
30.10823
33.07362
29.09355
31.87129
27.66604
30.04045
30.43736
32.11369
35.47805
25.13155
27.79589
33.09017
28.35339
33.26111
32.12261
32.16193
35.18641
30.97482
34.77045
26.14692
29.86865
32.98671
27.41776
31.73016
29.88146
25.7238
34.14048
34.5213
25.28761
31.94016
30.61366
28.71237
27.64166
28.45247
26.53246
23.51543
33.92293
32.68046
30.49883
30.97566
27.6301
32.19133
36.42408
33.38663
33.19286
20.55003
27.03255
35.14151
28.72522
25.84947
32.75101
30.48634
33.29315
27.29732
31.1626
31.48974
30.05146
30.37944
34.04512
25.2993
26.30151
27.32361
26.33058
31.24951
31.87679
35.33779
32.45252
32.1172
32.3747
26.68398
33.02327
27.97064
31.23684
34.07078
32.12158
30.17485
31.00936
33.27703
32.61338
30.50568
27.17292
23.85316
30.54316
31.1411
28.12933
28.58456
23.73745
26.52361
34.16602
28.38171
29.6401
26.85685
29.21005
30.74929
30.221
28.59644
28.62142
25.70363
28.10923
28.56024
33.34418
28.23648
31.2352
26.18566
28.79422
32.70051
33.86552
29.65801
26.14378
28.56887
31.55666
31.06354
32.81309
25.91123
25.94095
28.37477
29.2938
32.38979
34.2581
29.35417
36.95919
28.82633
31.01501
31.85566
28.02824
32.12554
30.57689
33.29223
28.21589
31.06751
26.97466
34.9633
28.36401
31.80975
29.92804
27.872
19.77022
29.47408
30.37652
26.49936
30.41312
29.06238
31.55668
25.10324
33.04118
28.9201
25.30874
30.21835
28.85798
31.24379
29.03588
34.20966
27.75758
30.99472
31.1463
31.7244
29.431
31.15309
28.18316
30.85212
31.86733
29.92639
32.035
30.8541
27.96898
34.27154
25.21498
30.90144
30.11367
32.63811
32.22748
28.59643
29.52214
27.6893
30.013
29.40527
26.9701
29.24124
29.3016
29.17608
30.79164
30.64442
32.56689
28.2145
33.63179
25.81035
26.4744
30.24757
34.48986
31.45171
25.42107
24.22545
25.97759
35.38172
24.50267
29.92606
23.56871
27.09406
24.09281
27.62529
19.90634
26.97812
31.2113
23.02674
28.07152
24.843
28.90685
29.90656
30.40904
31.09281
29.04441
27.31109
23.31086
29.5156
26.07722
35.51506
33.25028
30.79079
28.43848
30.97142
30.51333
31.76778
30.44982
30.18392
32.50083
34.05142
31.07881
29.25935
32.64392
28.97268
27.06282
29.0222
32.14681
30.96509
29.50542
30.21573
29.94841
29.36515
29.55083
28.99255
27.8823
28.88387
27.59718
23.29651
31.1584
26.63964
31.84676
25.29467
24.46352
27.73787
29.7595
29.81967
30.63102
27.759
28.43437
32.40348
32.33734
34.20212
23.12634
30.38264
26.89603
32.61245
33.92433
30.28529
32.23518
30.07681
30.07832
28.87894
29.94804
29.4355
33.47504
33.71152
30.02641
31.77509
34.03442
29.79237
30.16371
28.58966
32.20644
26.27376
25.51281
26.04364
33.04953
26.81585
28.72824
31.25098
32.28754
29.73565
28.12565
31.31781
30.83552
29.89914
29.56191
32.36672
30.50179
33.43341
24.42944
28.09715
30.26276
28.67745
30.9411
26.71322
26.41945
30.36282
28.0741
29.06734
30.18923
24.46807
27.57823
32.27018
27.95889
31.88972
27.28098
27.75562
33.03968
27.83822
24.51741
32.79408
35.68975
27.69453
25.62065
31.5816
32.79642
26.80878
28.11773
31.03822
26.11338
29.00441
30.67127
32.61313
27.2954
30.76732
28.5135
32.90969
34.65249
31.09913
27.63937
32.96815
26.60536
27.77246
34.62721
28.46992
29.05372
26.07049
26.98954
30.49039
32.61826
32.44948
26.00559
29.45645
26.02217
29.77028
27.55027
30.95123
33.69763
25.53301
27.73194
33.16045
28.67534
25.71994
30.18737
29.37663
23.5673
34.46133
25.64989
31.23498
25.04937
33.18493
31.51181
27.01965
31.59853
34.42369
27.54495
32.18684
31.28839
28.42578
30.74877
33.10469
31.64808
24.92192
28.54415
30.87074
31.42994
32.01254
34.42305
30.80332
30.648
31.53123
31.42164
27.76863
28.28743
33.52457
30.83121
33.70631
32.30551
29.71902
32.32361
29.7916
29.72405
22.4955
32.19252
27.01236
29.31619
27.4836
35.83049
27.58181
33.86096
24.47929
33.62714
34.42377
26.24576
30.83232
33.06501
22.22325
32.97257
26.00738
26.20031
25.75346
30.27717
30.14006
30.86237
34.65377
32.15536
31.3087
27.23443
22.68925
29.61934
31.10917
28.30172
28.98697
33.80163
29.16524
31.12033
29.00739
28.23428
23.41583
25.69948
33.73791
27.28803
31.55668
26.84699
28.39636
26.89103
27.39057
31.36413
29.88921
31.42125
33.35937
29.33046
31.78246
29.59253
30.43797
34.91081
32.75264
24.45993
30.96278
33.0803
23.288
29.68371
31.572
26.08387
29.27818
35.01877
27.33612
29.95828
32.02993
26.87653
31.24822
32.55342
30.04716
30.3703
30.98557
33.32944
29.64066
27.27771
29.36709
24.84347
32.50091
32.33189
29.01692
28.54406
27.24944
33.18811
30.88617
29.19349
29.36677
34.80323
35.31306
26.53397
26.92565
32.97627
31.02781
34.81711
26.96868
31.34269
28.64877
29.39536
30.92441
34.2468
33.17647
31.55998
31.18078
25.4406
28.78955
28.76866
25.58163
23.15217
30.01999
26.522
26.33542
31.46881
30.33229
25.23694
26.9127
33.47237
28.07153
32.38318
35.68326
26.25492
32.06227
33.98116
32.51358
34.09274
24.63572
28.5544
31.74896
25.03047
29.0277
30.04676
27.53452
27.24175
34.66451
29.58468
26.10784
27.29365
27.42894
28.78909
34.15
28.83639
33.64372
28.43366
35.21186
33.54556
30.31527
31.75216
35.37266
30.875
31.51242
34.54568
23.57327
27.2787
32.76763
28.39121
25.84762
24.50627
28.45907
32.69278
28.25908
26.62605
22.7738
30.89347
25.47641
31.19063
29.56301
29.50466
30.44838
28.01398
29.41636
32.34383
33.07774
24.2889
32.35624
35.7109
31.58938
26.68557
28.64419
27.96933
26.36015
34.05129
30.79845
25.46598
28.72294
31.25246
25.74795
32.17979
31.20001
30.35374
27.08328
26.19079
30.67751
32.37178
30.64119
32.50055
30.33139
34.17807
27.54984
30.07443
28.19925
35.66564
30.13867
23.95715
30.35093
31.2238
30.07269
31.84791
27.83849
31.16132
34.99264
32.26829
30.72841
27.18151
27.75822
35.30456
31.15639
34.11954
29.67353
27.02787
32.74585
34.79791
31.39923
30.19236
27.21712
31.90228
33.868
32.11703
29.47918
32.1892
32.87055
34.41744
25.08044
26.18756
29.61631
26.34103
33.28558
17.83556
33.17709
27.91349
32.08109
24.52709
34.91223
27.57518
27.91491
27.64317
26.90377
26.38751
29.37843
31.84983
30.35742
25.87836
32.31457
30.33438
32.48133
29.72606
32.31867
27.39094
27.61675
27.78631
26.59858
30.5779
28.37832
31.71216
30.64746
28.45887
28.43769
29.77309
31.93302
33.66311
31.74415
31.30578
31.17225
32.30864
33.38568
23.20269
27.37562
27.78436
27.13191
34.18996
26.65829
35.28858
22.65926
30.8539
28.43083
28.58073
26.15736
30.00989
31.35789
33.54996
26.2574
26.00372
32.20919
36.01349
27.48765
34.98032
29.79956
28.37776
22.41323
28.9019
32.04105
23.88932
26.9147
29.85892
27.35513
33.73715
25.62883
25.5378
28.55252
28.20695
29.82801
29.38651
30.05132
26.43891
30.94167
23.83864
32.24044
34.74563
34.15305
32.20017
24.08944
27.68082
27.10246
28.00329
26.98353
29.28768
32.04521
28.98027
24.2831
30.24284
29.42723
32.01119
25.8018
29.98072
27.81801
33.09742
30.91413
33.52922
33.44412
28.00442
23.69561
30.21455
32.20174
34.25541
31.44973
28.79085
33.09643
32.76273
34.1491
31.72976
30.50767
26.12385
24.05223
26.66088
29.46744
31.79225
24.81709
23.69543
28.3807
32.3975
31.15567
31.51446
34.14857
35.4549
34.12946
29.23431
26.21662
30.20175
27.13212
29.45534
34.28779
34.32596
29.28053
23.93995
31.56005
30.91649
31.46308
23.90833
25.61355
30.06152
28.78275
30.33792
29.65741
33.37124
29.71182
26.07399
26.79838
32.16434
30.64328
31.71105
30.49514
27.31723
27.84605
32.97041
26.86831
28.59378
30.64556
29.71027
26.51444
27.67736
30.39156
27.38354
32.13392
25.26111
27.25004
24.71353
28.66607
33.53627
27.47113
27.88861
27.97069
27.75287
34.27582
29.76489
27.65213
32.21403
31.97896
29.18688
28.61753
25.66621
28.07119
30.30272
34.29695
31.36304
29.86932
26.34589
29.65933
30.74607
26.87812
33.49059
32.58492
32.25942
29.30585
26.46784
30.28694
28.92765
33.78451
27.22297
31.86237
28.32135
29.13998
27.74405
28.26973
28.64916
31.03739
34.17018
29.93168
24.14923
28.41641
26.3548
26.96328
25.43658
31.21348
28.36785
30.10665
28.7116
34.1275
32.84275
30.372
27.16423
27.77885
27.2499
35.38755
28.47367
29.34568
29.70881
27.41672
29.34835
33.47414
25.92102
28.52595
29.5748
25.95943
30.38972
35.19044
28.07135
28.29518
31.06057
29.2014
28.76305
33.37229
32.62489
32.63372
32.1784
28.98154
31.08028
33.4545
28.92154
33.01288
29.94943
31.36333
29.40109
26.74627
32.14078
32.10383
32.63311
29.19914
26.73832
28.30178
30.77184
27.95477
30.26825
29.33362
32.44294
31.04842
30.83614
26.72035
28.18488
29.49942
26.50876
25.98516
29.5926
24.00454
28.79332
27.35743
27.17967
29.39167
29.65066
30.99137
22.66351
30.90921
31.38616
28.15254
25.1634
27.24797
30.45593
26.66322
29.44155
29.66287
34.08254
28.46792
32.04683
27.43752
30.75493
24.79969
28.26421
29.57002
29.40487
31.7965
34.97099
33.93077
30.30495
26.34219
33.01292
35.07472
28.89888
32.72768
29.7301
25.75643
25.75204
34.27897
28.59897
33.83885
29.67789
28.19015
28.53125
31.70302
31.90369
31.65938
29.82672
36.54837
30.91049
30.00241
32.38781
30.05877
27.80628
26.7829
32.07609
29.74662
30.38732
24.87273
35.40353
29.5597
26.34609
29.2556
32.25229
28.75761
26.58409
32.59087
29.93551
26.28142
32.02864
33.08283
25.41641
28.3137
32.14118
31.76426
31.57226
27.43804
26.1628
26.93508
29.87003
33.00532
32.32462
33.23193
28.91932
34.93152
32.96751
32.56919
27.25082
29.37466
27.77471
33.70156
33.17261
27.85399
29.35166
33.05798
23.65768
29.30124
29.96983
29.55002
31.1678
30.31603
32.65715
32.66366
29.36794
33.00773
28.58774
28.02261
29.9662
29.10973
32.32621
24.44829
30.0507
30.35675
30.99004
31.44196
28.59577
28.23959
36.00528
23.36374
33.33745
29.59657
31.40698
30.18553
24.66817
28.16388
33.68123
25.98548
35.73391
28.94073
25.58307
31.6593
32.50868
22.76909
32.24729
30.50894
32.09395
30.18374
26.30609
28.02728
32.56475
32.23899
27.90337
30.03573
29.68177
20.78931
29.1471
24.14684
30.53491
32.35381
29.5266
29.58461
21.62613
27.91982
30.78845
28.7899
28.99505
26.52774
26.78165
29.1214
29.84587
29.52393
28.70481
32.80736
28.17495
32.52228
30.02399
27.9852
31.12506
29.61824
28.0454
28.68888
28.68814
34.44673
26.17616
30.12424
31.46078
30.95652
27.35816
28.53571
24.45777
30.62231
28.39191
25.95712
29.19295
31.6746
31.99606
32.74283
28.61599
29.85367
26.86582
28.6736
33.14977
33.44272
27.04404
31.95647
28.84181
26.41664
32.04784
27.96027
29.94697
30.51262
30.23024
31.73857
34.25035
28.43978
26.55494
33.80609
28.75867
29.55425
23.5003
29.64954
32.17973
26.67392
30.70917
31.58526
31.46605
29.65442
28.92589
31.87343
28.55341
33.72091
27.39404
29.74567
29.89072
28.09459
33.49477
35.83347
29.47494
29.64289
29.77391
30.71866
26.13158
28.77427
24.53742
23.61957
33.0309
30.40782
32.02043
32.39463
31.97647
27.02837
33.18786
33.23375
25.06396
30.56333
26.57255
30.19417
33.31842
30.72535
29.57112
26.84878
34.05732
31.05282
31.25021
31.25533
29.77948
31.79778
27.04362
32.13457
29.48817
25.1103
32.82991
25.98739
24.83904
29.33298
28.49498
33.20926
30.41707
31.47647
32.3807
34.40083
26.93568
31.06661
28.46583
34.8744
26.56105
22.00926
33.1601
28.24979
29.91202
31.35816
30.36316
32.05189
32.22791
25.53649
34.92343
35.57271
29.53785
34.29764
31.44744
29.66415
29.86667
26.63436
25.61653
30.93743
31.82187
33.29391
28.73845
34.72861
28.09382
35.00199
29.35188
30.55508
24.9388
27.19582
30.79094
31.34004
29.3527
20.6125
29.09872
27.14035
30.85318
25.16537
30.97939
22.10821
28.6724
29.77442
34.04253
29.57169
27.79473
27.24095
30.93086
22.33456
23.90596
27.88192
26.79619
31.35997
32.5507
32.72488
23.54891
30.76978
31.21998
30.49767
22.35101
31.37628
28.09884
36.36685
26.17675
27.87054
30.789
31.99476
32.23762
30.37581
29.17188
30.40838
24.37963
30.74093
28.5533
32.23346
29.02284
30.05927
31.12281
31.29118
26.81112
29.29177
30.61389
32.5001
36.25317
28.05664
30.48675
26.27921
28.46594
27.05225
24.83791
30.51265
32.86986
28.00946
36.12973
30.78441
31.11392
33.98068
26.72971
30.40448
30.56077
27.32079
30.33954
28.00665
29.47835
29.66229
33.00761
29.86776
26.22894
25.36362
27.29466
31.53852
34.12432
32.77401
24.65184
24.61798
26.76522
33.01501
29.20226
31.15014
30.41905
29.94343
28.30389
29.91862
32.15473
32.33208
30.48826
28.88126
30.66657
29.70232
30.03279
34.19727
28.22631
22.60301
20.28313
27.55564
30.85122
33.9547
28.80121
29.55953
31.34856
25.5978
26.41121
27.31114
28.13131
28.88123
26.75847
29.78578
24.92925
29.60491
32.7519
23.22408
28.93127
29.62243
30.47455
28.71187
23.655
23.50874
24.42577
30.02379
27.79019
33.49917
30.9864
30.7627
25.4512
30.32213
31.01447
31.61718
26.92004
32.4698
25.96404
31.13715
35.53489
28.20147
33.92994
25.4695
25.44866
29.7636
27.97673
31.18079
27.78335
30.94449
29.85961
32.01444
31.70393
29.19578
34.10114
26.55613
30.96774
25.65161
28.27119
24.36788
33.55829
26.6417
27.87249
31.89465
32.02875
30.54471
30.30954
33.1762
22.07898
34.45002
28.48238
33.97289
30.49236
29.13734
29.24049
30.92361
30.97588
29.80534
24.75111
30.06993
30.44819
30.24903
27.46607
36.34758
30.91576
26.47044
29.15621
24.4123
27.35911
32.35766
21.60282
29.76863
29.45126
29.27367
33.76801
25.36027
32.92605
31.0151
29.91913
29.92975
32.01391
30.27142
32.28539
27.17996
27.77496
30.16794
33.18325
29.77137
33.91204
30.27354
33.92127
25.21176
32.76955
25.80339
34.33279
32.20509
32.08627
29.57867
33.54156
25.03219
31.112
34.01025
29.06907
29.14942
31.13265
31.75623
25.30851
32.24424
22.28488
30.77395
36.31838
27.26088
29.57871
28.11777
22.52633
30.62941
33.03965
26.20009
27.21009
32.0038
29.61605
32.79139
24.14358
31.62663
31.20131
30.66858
28.84268
28.91452
30.77578
27.09774
28.33799
29.82974
33.20399
24.39941
22.04664
33.72838
32.5446
31.80013
29.29832
28.57441
29.19057
33.04257
29.13158
32.72236
30.37753
31.64829
30.25604
26.63766
30.72363
30.03895
27.05665
30.25408
30.58952
28.11384
31.15147
25.88248
26.94085
33.15561
29.84204
32.53375
30.80411
28.53377
31.44015
27.47363
31.78819
26.11874
29.18903
27.05983
30.42217
33.59765
27.87314
27.08612
33.78059
30.51289
31.03511
33.56405
30.64231
24.75337
29.7086
23.34964
23.13534
29.92384
33.15599
33.45148
30.56286
32.12882
34.06776
24.10618
27.62654
27.44364
33.37139
28.46306
31.47199
30.98548
28.6412
31.09255
27.87494
32.91903
31.93666
29.2132
31.17733
29.11675
31.23289
31.28526
30.23152
25.94914
29.18123
33.55168
25.03272
30.67622
32.67694
27.75711
29.98238
35.59933
31.31665
34.66159
26.56068
29.59881
32.23028
24.54368
34.73544
26.66162
29.0787
28.11817
24.88137
28.85095
26.81284
31.74007
27.31279
32.4681
35.62882
31.06447
30.96439
29.38011
31.12415
32.22369
31.95547
31.79785
30.31547
35.33275
23.30104
22.6979
32.98315
27.0958
28.60293
29.59732
29.85187
29.107
29.92982
27.28029
32.05263
29.23763
27.90779
29.08725
26.31806
34.11479
32.11989
27.03581
33.42482
25.76012
26.71404
33.32211
29.86987
28.26342
31.06973
31.55385
28.62258
26.55849
31.22582
31.34914
32.25353
22.71788
24.50823
29.93976
28.51689
31.26348
29.98458
29.05484
31.53156
22.29514
26.89261
25.09059
31.97598
30.66936
24.53094
26.41973
31.22041
30.6325
24.80488
28.19425
31.46001
31.17609
28.83543
22.45464
29.48442
28.61879
31.39691
33.94759
25.06126
28.48496
27.05881
31.26864
31.23175
33.26572
34.38955
27.55495
26.2766
26.80475
34.99212
27.3638
30.6494
28.55573
29.50821
30.2972
21.77792
30.87322
32.54148
30.13971
28.09441
29.37819
26.66348
32.26914
25.59356
31.75891
25.51954
29.41208
28.42846
33.20175
26.748
29.04231
30.74407
24.63894
22.42116
23.9622
27.98778
33.10437
30.60759
29.6982
24.28904
27.05461
33.8613
32.06673
32.79903
33.13234
29.91404
23.52955
33.75823
31.61081
34.79402
28.14465
28.15248
27.70714
24.87427
35.34708
33.38142
26.84164
28.7419
30.85045
33.48267
29.78641
36.23758
22.97479
29.42624
28.87616
29.86053
26.48379
28.97499
28.42231
31.1879
30.5186
28.052
32.76275
33.43374
30.73409
24.45928
25.44838
29.58924
29.9211
31.49265
27.82813
30.56139
31.89424
32.28989
30.9872
30.19111
30.83651
29.89317
34.09036
31.33381
26.24129
27.45464
34.48147
26.57463
32.30344
30.89681
34.51731
32.18459
28.37075
32.01833
30.25168
30.45222
35.38379
32.87707
33.29052
30.32241
27.37111
31.18756
31.26359
32.44666
28.09294
27.2526
32.8446
31.45693
34.99283
31.95056
32.21139
31.54423
29.14637
34.78868
31.48239
29.76594
28.99585
34.92024
26.55004
26.85623
28.96779
26.33823
24.56561
33.71338
28.8024
30.8241
33.35575
32.09528
31.09346
30.19517
27.26907
35.21267
27.97883
29.3955
26.04129
35.52982
31.46761
27.08965
27.9672
29.81694
29.37109
30.53766
35.52018
28.49463
27.66411
37.13614
29.32738
29.41099
28.60946
31.57063
24.81211
23.89043
28.2007
31.1512
35.73043
27.59824
30.05751
32.45258
32.25082
28.06185
33.15786
29.42438
28.00034
32.02933
27.55729
33.1421
31.99504
27.12746
27.28902
32.02451
25.97312
32.01284
32.27837
32.9861
27.90455
23.90282
32.5732
25.75739
28.65254
26.96081
30.67311
27.25638
28.01385
30.22498
28.89021
34.00034
30.91742
34.95097
29.29399
30.56351
29.08559
29.52087
31.09777
29.11171
26.99389
22.83708
28.34364
27.1914
31.02779
34.33892
26.42603
26.76024
29.49853
34.86231
26.43461
26.31624
26.86821
29.79282
24.68326
29.19554
29.14454
33.09214
27.38212
26.39013
29.04219
30.07969
34.51911
29.26927
32.3058
28.57633
28.29249
31.66676
25.00627
34.7357
28.368
30.85137
28.00813
25.19705
26.03773
29.85676
26.87674
28.32301
31.9462
30.06773
28.5718
26.413
32.17628
29.25396
24.99529
33.07874
26.18457
28.4727
27.75584
33.81961
29.06312
31.6432
35.5448
32.5816
28.22897
32.40223
25.21154
28.38998
28.93891
31.85565
28.70634
32.62896
26.00114
28.11389
30.59863
26.49098
28.91098
32.2479
27.92852
25.70043
32.28593
35.08925
27.80163
29.83408
22.17205
28.76492
26.20494
32.99651
28.54123
32.19836
28.90494
32.06552
28.50844
29.01036
35.70287
25.56097
33.42749
24.04033
24.28906
26.71703
32.84653
30.96604
32.08336
29.20536
30.7617
31.12104
25.67487
34.8309
25.03036
25.93192
33.14451
28.21227
25.09249
33.16638
31.87343
26.68491
30.88876
32.99291
25.20169
27.75392
27.17097
26.50534
33.50375
30.26421
28.03782
32.29256
30.73945
26.3924
27.90153
30.89342
29.5028
30.9535
32.09594
25.31175
26.16793
31.54394
28.56832
33.46056
26.79908
28.07069
20.28616
30.16469
31.09099
27.85654
30.45825
32.38978
31.63995
26.86636
27.96026
31.06509
34.24228
29.0764
31.38616
30.04457
32.3847
26.358
33.44725
24.23287
31.43559
28.43113
27.26725
33.27468
29.01588
27.07352
30.02662
27.96503
31.76157
28.28199
32.23389
33.68728
31.21229
28.87159
32.70276
30.68559
29.3086
26.71207
31.7142
31.74047
31.60467
30.70639
26.13724
32.87472
35.75288
30.03443
24.79272
28.71514
27.59282
31.68068
29.96443
25.82912
35.14151
29.19768
28.72325
27.94178
32.25662
25.62144
26.77029
26.08708
29.31638
29.92006
26.64104
29.44482
32.36226
32.51787
31.75779
27.86285
32.76257
32.91998
29.84749
27.63379
29.05712
31.229
28.80892
24.76358
28.44254
30.83302
28.50489
36.16438
31.37819
27.5741
30.04049
28.69085
25.32331
33.53031
29.77224
28.62042
23.81258
30.65722
28.48479
27.35837
29.86488
29.33451
27.63014
32.26189
28.20955
33.94867
28.13051
29.1966
29.9013
27.03487
29.49711
34.04143
24.86082
31.41994
29.95395
31.42387
30.19819
30.89821
28.55926
26.55048
29.37868
25.04693
35.34504
30.41723
33.14594
25.8843
30.08438
30.78804
30.41005
31.66404
30.12153
31.74102
26.88668
26.22905
24.85722
31.23753
30.44297
24.46651
28.76362
34.73626
32.10921
26.71835
31.17281
36.38834
28.93985
29.01682
28.55499
30.46437
30.98729
28.166
30.87174
33.89683
32.16427
31.5209
29.56552
26.87156
27.60619
28.53898
32.07181
31.03599
31.9036
26.87321
31.23547
29.32133
26.80102
31.91639
29.83653
28.24253
21.69837
28.58822
30.30641
31.60931
30.92876
27.83754
31.26257
29.89183
31.88887
32.32801
26.29385
30.98794
32.60751
32.56956
29.0374
28.78048
30.38292
26.04761
31.27183
34.09274
35.39142
31.61276
31.02365
25.85547
29.44169
25.22716
28.95426
34.99211
24.11919
28.88966
23.86276
27.67488
31.21963
29.34543
32.06615
30.65388
25.23284
35.07986
30.75687
28.74614
25.94809
34.20519
27.42763
31.62595
32.64654
31.18662
29.80609
28.81484
28.50229
33.26371
32.59253
27.46683
30.83121
29.67788
31.71127
32.14939
31.37233
33.08961
32.29667
32.35018
31.98983
28.49138
27.65331
28.96489
30.02834
27.09784
24.77256
31.3999
30.14903
23.89638
34.85479
31.0375
30.69621
26.20654
27.12416
27.22555
30.18719
30.84303
30.91183
33.06045
27.96392
27.95837
33.8277
32.44592
26.24343
30.81679
30.67834
27.1333
30.11059
31.34823
35.73374
32.12949
29.44546
34.29771
33.09352
29.36633
37.21342
23.84819
29.85354
26.50098
26.98154
30.57898
32.2549
33.56182
26.79036
31.17929
26.63461
30.49973
27.77054
29.52178
30.67522
29.7076
29.86898
30.33853
31.08948
25.85302
29.25227
29.62741
26.15527
26.64298
29.91797
20.97284
34.04844
26.53258
33.81839
29.01501
26.4436
29.02006
30.72616
23.1846
24.77452
35.91296
29.95162
33.3037
32.4583
33.42382
29.23027
35.10343
29.18674
29.58655
31.81365
27.70358
29.23038
31.77669
26.09746
32.98782
26.00887
34.67763
28.14122
27.45262
27.88729
29.66403
32.54115
34.24186
33.99741
25.62308
31.88095
31.73917
27.49285
27.34111
33.22629
23.10904
31.61349
29.24603
29.69724
30.12514
30.32419
28.60696
23.17148
28.85198
28.97114
29.97523
28.31208
29.04235
26.68372
31.54296
34.84807
24.03761
29.65429
34.19232
32.32282
27.77169
30.64541
32.6742
31.32721
28.31412
28.59481
28.73466
33.54722
31.97553
25.36828
29.15195
31.4139
28.12615
30.8303
32.99001
25.54617
28.28836
35.35811
30.87153
33.92752
30.2205
34.81517
30.62597
25.62277
30.94387
31.28871
27.81452
26.30023
30.48013
35.13171
29.02693
25.70669
24.46487
32.58913
24.52923
29.39129
30.13122
31.17822
24.18634
30.45181
32.7018
31.84077
33.33471
31.34116
26.84419
24.84868
25.74415
27.23995
26.18908
27.77814
31.2031
29.94918
32.7963
35.24398
26.53086
29.9987
32.28989
29.48349
29.59555
28.72113
27.0219
32.19301
29.51588
24.27606
26.46315
33.5717
26.22988
29.79644
33.77574
30.25034
31.84209
34.08495
32.45465
31.37248
28.89237
30.03777
29.93279
32.64283
26.84569
26.01588
28.16286
28.42268
27.05676
36.62968
27.10124
28.32397
32.94913
33.62487
28.83419
31.55259
27.66543
23.37881
21.02303
27.70956
27.17988
24.01703
29.211
34.5617
29.30126
29.73179
34.00702
26.98843
34.35978
33.24067
28.55883
30.34096
28.68949
32.06137
34.13208
33.42316
32.63897
28.86505
29.07943
28.99095
28.1139
29.21955
23.87493
25.87127
29.48482
31.47126
29.99673
24.59155
30.99612
32.08007
31.41452
29.59594
31.69602
27.65093
29.29307
27.61222
27.52093
27.02527
33.30667
32.63341
32.6777
32.70882
29.53132
30.43155
32.57764
28.7477
30.37578
30.96002
28.44842
26.68077
29.92338
29.86646
30.01268
32.79053
29.20614
28.4753
27.69196
30.65296
23.03211
27.4292
31.23648
33.4365
28.35208
34.63711
33.21755
31.63903
31.04239
29.8998
25.3745
32.74368
27.39073
31.99869
27.66457
23.83158
33.24782
29.51024
25.41448
28.93323
32.56522
29.39195
28.88951
33.87121
28.79529
23.19145
30.88036
30.78991
29.54039
24.93741
35.00719
28.50777
33.80129
29.73188
31.44521
30.61494
32.68306
23.36699
31.73411
26.85787
29.66508
29.47833
28.83807
31.85085
35.20978
22.73002
31.03976
29.09858
26.75631
24.07812
30.20612
33.02487
32.95258
23.92652
29.85772
28.01682
31.49463
33.46299
29.79463
25.65233
27.45149
27.9218
29.57472
30.99353
28.73007
31.54101
35.71719
28.74587
25.87779
26.27756
30.95227
26.6737
31.56131
26.79012
26.29764
31.23155
30.55352
28.77425
31.175
31.03747
34.8374
35.95265
32.75603
27.40119
23.42629
28.90062
27.33191
26.02115
31.88413
31.31931
26.89408
28.05383
27.83187
29.14057
27.96285
26.32097
27.56615
25.46
33.25436
28.86929
25.39379
30.04173
30.27388
29.04419
27.29348
29.7816
26.06573
29.12369
27.53712
30.91682
33.05147
29.92927
26.74128
33.14424
28.64783
31.83869
32.0984
30.8289
31.56658
32.19244
24.99225
28.0063
32.15601
32.07115
26.70013
31.67127
35.06603
23.4955
26.73069
29.79511
29.18887
30.58059
24.19309
19.21306
29.48928
30.21254
34.76745
32.25617
33.41435
30.79603
29.77218
29.96938
28.84601
25.43515
26.54248
33.50433
32.23517
28.62991
28.44755
30.29384
31.80153
32.34294
28.30801
27.86032
29.36049
22.94012
26.15752
23.68928
29.07726
37.43865
30.85936
29.96372
32.01815
33.03168
32.07818
30.447
26.35464
24.68036
32.03921
29.84549
28.90214
33.07836
30.46628
27.24819
30.11667
29.90587
27.34986
29.09247
30.81878
25.87767
29.32153
28.59577
28.42698
29.55704
28.38876
25.5141
33.49876
29.80522
23.79921
31.44736
32.33877
32.14782
26.37211
29.50863
33.7273
31.06388
31.52587
32.06645
26.06742
30.81207
35.1962
27.48556
32.97063
32.82822
31.25248
31.93809
28.09798
31.97101
35.7348
29.73829
28.53373
26.13819
31.16673
25.63031
28.48387
30.57966
33.06307
32.98302
32.63582
30.96618
29.23401
32.67083
32.33104
30.72588
32.09282
32.26396
27.72514
26.38583
29.47895
26.42538
31.50291
28.74468
27.59553
31.82994
28.14536
28.63877
35.06023
26.15819
27.66578
28.16137
31.41233
29.6133
27.7891
26.12261
26.72446
28.7813
28.31403
32.35395
30.19208
31.11665
27.69868
32.60432
31.70801
27.63108
30.20945
28.75554
29.22759
26.61261
35.19784
36.16745
26.53471
29.30871
27.03548
29.16328
28.84273
32.6752
27.7891
36.44134
26.61405
31.23055
30.19393
26.79567
28.49283
26.96196
27.16769
28.0741
29.65781
29.06715
30.11613
26.11371
25.8544
27.76751
32.69559
34.27183
27.0743
31.01725
30.23624
32.2444
28.93119
24.41332
31.02008
29.29135
27.62203
32.24764
30.59837
29.27433
30.0977
27.59914
28.79934
29.0297
20.51908
23.19555
31.58172
29.30016
30.45246
26.23386
31.53484
35.76762
34.91003
31.34334
27.60104
31.29375
34.07638
26.17173
29.87799
27.23261
29.64222
34.47839
33.17904
33.07487
27.74863
25.10437
31.77809
29.36071
34.30659
35.85988
28.68531
30.87923
24.05992
27.82952
33.68728
29.96313
30.65426
33.80942
32.19585
33.16956
27.74117
27.20879
27.29646
26.25004
30.73164
27.32985
28.78974
28.75945
30.00502
32.0553
30.62917
31.84459
28.41408
26.54546
28.54328
33.79468
31.46569
31.20196
31.94287
28.93252
27.94151
32.6853
29.33097
31.09631
30.97108
31.9388
30.52009
32.90966
29.31897
28.3667
26.80972
31.6488
30.22167
31.31521
30.10674
29.24338
30.24832
29.0844
31.03792
27.77348
33.05663
30.26791
30.59002
28.72242
30.08908
25.58178
28.18251
33.54997
24.0655
31.34514
33.63994
31.89779
27.53512
32.99963
25.91202
30.35748
24.73699
33.80832
27.1063
31.16118
29.85531
29.06561
32.48528
31.57471
23.46313
29.89101
25.85215
32.66032
27.53918
27.77154
29.52296
28.87129
31.90051
31.55401
29.16636
26.72366
31.69659
30.65061
30.96468
30.92669
33.67928
27.56652
30.99187
24.40865
30.94787
25.77232
29.87051
33.76801
25.83785
27.59313
30.21817
29.70546
27.64993
24.65578
27.89676
28.26132
31.48384
28.52346
31.32382
28.76243
28.49743
33.91101
29.87171
26.85567
29.9326
29.74575
32.79794
30.07959
27.38897
27.57985
32.1236
32.92729
31.8882
32.31683
29.20697
25.24957
28.72156
33.64672
30.41824
32.53755
31.4443
32.81834
33.71643
27.69911
25.99836
29.91884
30.53554
33.52982
32.03247
32.07688
32.80263
31.1924
31.84464
31.29305
32.17756
32.153
29.70556
33.9066
30.9329
30.62536
29.31829
28.40402
29.6339
29.44866
29.1084
35.05056
31.91406
29.45232
31.81545
30.10851
27.04414
32.78817
31.2887
33.98809
30.45701
28.8525
30.04551
32.73375
27.37233
31.49815
31.49121
29.87511
28.8727
32.47047
32.67877
30.62346
27.89914
30.72679
27.05718
32.72871
28.11637
30.28194
31.4139
27.54855
30.41346
31.53504
29.27963
30.12335
31.17918
18.30851
30.23015
28.86664
29.105
35.21655
29.94463
31.11655
31.41423
31.0082
31.79724
32.41582
27.26198
23.00062
29.79152
31.84375
24.60354
28.08052
27.45938
32.16144
31.0822
30.78701
27.94172
28.56288
30.90848
23.6165
35.81868
32.01404
27.38973
33.17658
29.94379
30.19821
32.82178
32.76346
31.80421
33.29157
30.64757
33.46762
26.62426
35.63952
32.36771
31.82834
28.49728
35.23663
27.7855
28.50299
28.56499
29.32783
32.85584
26.5474
28.36266
24.42514
31.62013
26.18011
26.46613
31.28289
35.37764
30.69344
28.5506
27.8151
31.202
28.47163
31.28312
32.84981
29.28665
34.26773
24.68693
31.75985
29.60896
27.30233
25.87318
31.14164
28.53145
28.76954
31.42996
32.97754
32.55016
27.28928
31.30812
28.75836
31.27664
30.98427
32.99229
21.79297
34.0723
30.55066
25.36191
27.53957
28.07253
29.40537
29.97405
23.92688
32.07748
34.71169
31.36408
31.28289
32.01683
28.76194
34.09501
31.00086
28.62829
28.69609
24.38636
28.62178
28.60097
31.6726
32.23918
32.94019
30.66933
29.712
36.19194
29.20462
31.30352
25.43795
28.57504
33.81365
23.3568
23.13508
30.75522
29.14359
29.03963
31.78741
29.17452
28.9593
32.23033
24.33503
31.89851
31.94674
27.13003
26.98512
25.47304
28.2738
31.71627
30.56738
28.36359
29.12591
26.04527
30.53787
27.94914
30.86837
27.65042
30.56175
27.70825
32.78723
31.90739
24.79293
23.76996
30.66778
24.59082
26.4967
28.23157
27.83751
31.70223
27.85692
31.6821
29.23915
30.33901
26.80764
36.5064
27.69347
31.45061
29.25429
27.93173
28.83027
28.32137
32.06368
26.56614
30.07549
29.11709
28.95006
30.84361
29.89333
29.94498
28.81757
28.84363
31.1307
29.43706
29.28191
34.46818
31.23832
27.18532
34.95934
33.44775
26.10401
36.07053
23.87787
32.76083
28.82346
28.24726
33.17358
30.40741
33.76822
30.50248
24.76834
34.79832
31.18413
30.94813
30.33971
22.65059
29.28192
29.43676
27.02445
28.88341
28.97311
31.08603
31.82807
28.7416
34.94069
34.93938
32.94297
30.39146
29.3932
34.38285
26.50855
30.55257
35.19918
32.95751
27.32647
31.33161
33.98224
25.97234
32.68384
22.33417
32.19273
30.94049
29.51651
33.91896
35.74648
34.37897
24.45693
28.43387
27.86881
34.44662
28.03095
30.52065
29.57998
28.06142
25.61502
30.99202
27.4982
34.96268
31.26017
27.7232
24.38626
26.08566
30.92311
27.84513
27.40424
34.84551
29.58934
30.95915
29.17227
28.3999
31.84886
35.75771
28.57705
36.01054
33.27424
29.77563
29.26365
32.82062
29.59336
26.58358
36.39843
32.04915
30.45221
28.58615
34.76559
27.68917
34.02535
36.43325
31.94588
22.90154
30.78232
31.32234
26.52456
31.32349
31.11164
28.03536
33.25302
27.17137
33.63809
33.41816
26.3232
35.2153
32.14048
28.67969
29.91982
27.06838
30.25344
32.98551
27.11061
26.47531
35.54504
29.13265
28.70757
27.46917
31.8506
31.21982
30.95341
32.00269
31.75887
30.60675
34.22878
35.02264
30.61982
29.99166
32.09065
31.17187
28.89882
33.23879
31.08095
31.45952
30.12451
32.92055
32.73422
31.40129
28.80433
26.11275
26.65995
33.51573
31.43939
28.39447
29.40832
30.35234
32.57944
26.76997
29.32054
28.45733
28.45313
24.05596
29.36045
30.47637
32.20141
24.42781
25.90571
26.85657
30.5492
26.7487
31.34908
31.8374
29.15158
27.3257
34.86184
26.48109
24.98003
32.18768
25.51489
25.09022
31.40242
32.12608
31.05684
33.33956
24.6471
27.44813
30.31995
23.99295
26.97488
29.52166
28.14266
32.78795
29.39087
34.3867
26.69427
31.57283
30.9171
32.04855
34.81624
30.75106
30.13899
35.01641
26.89452
26.45915
32.38088
25.27159
31.44509
25.59007
31.99475
24.79801
32.95751
28.48186
31.22295
24.79599
34.58415
25.54235
26.95307
34.12904
24.12873
28.93661
29.80444
28.58858
27.51496
27.97249
26.8455
30.67973
30.33472
27.45856
30.69703
19.59257
23.7706
28.4955
30.5328
23.60263
28.48671
35.84717
27.6735
30.28856
29.18068
28.06575
28.39928
31.60819
27.69618
30.43207
29.79391
28.29218
30.55317
28.22867
28.46322
30.48106
33.34498
31.92581
31.75749
29.62383
28.80766
24.94884
31.9576
28.9882
32.33574
29.22505
27.38372
32.98384
30.38451
29.9419
30.96511
32.84963
26.65447
31.7017
29.33454
32.42628
28.51641
25.53779
32.20884
31.89614
29.55645
32.04967
29.11401
30.01637
26.08863
32.30355
27.62041
34.10941
21.62669
27.99986
31.45544
27.09461
28.34847
24.04243
33.77982
32.86647
29.99985
28.95835
23.30331
27.9351
29.82477
31.38164
31.73581
31.27267
27.49129
24.07157
29.05628
25.61242
32.57938
32.59482
32.01161
29.33352
34.18031
29.44719
33.22044
31.28817
27.99527
31.36782
33.71411
29.25481
31.03739
28.28738
29.47137
28.77815
28.43964
30.55093
26.79376
22.9479
33.0589
27.84588
35.49708
32.92121
28.52012
27.92355
26.5107
30.27858
33.44252
26.91213
29.21237
27.60488
26.65288
27.57383
29.74568
28.57295
33.81659
26.11222
30.64784
24.1768
31.56035
28.45758
31.83002
25.76523
26.67041
32.41126
26.14092
30.16138
29.03402
25.64921
32.63145
31.12858
28.6238
26.7723
29.53052
29.70559
24.7199
29.1654
32.87125
31.46308
26.68236
29.86405
24.64004
29.52055
29.02175
30.09868
26.19193
35.44912
27.87739
31.58084
32.64283
29.98759
25.909
24.097
25.48101
26.41072
26.93325
29.36777
24.42302
26.25261
33.42493
23.73744
31.34469
32.72899
27.09408
30.41989
28.59487
26.86844
34.72401
30.87946
27.46092
33.94806
27.37329
27.72763
32.12111
34.20898
28.83094
31.41184
30.42642
25.42121
28.84863
31.40387
28.26687
26.89545
28.46283
30.60595
33.36641
21.73949
29.79174
25.84234
22.92063
33.59463
29.34533
31.9871
28.64503
32.02898
26.31187
28.59578
29.56859
34.92824
30.71384
34.32215
33.30827
28.25536
35.45522
34.03799
27.79721
30.53659
31.77166
22.88071
31.34188
24.39891
32.04577
27.0065
28.99483
28.76142
28.61262
29.6525
31.13934
30.9128
29.2454
29.93022
32.85751
27.9608
28.0707
27.43067
25.61165
31.89448
28.21107
30.86172
30.17538
31.97779
29.8227
31.51303
28.14173
28.63098
30.20228
31.92497
26.53086
31.48804
33.54717
27.95536
28.94309
30.86433
26.94697
27.81281
26.44985
25.80608
30.37683
29.80357
28.46809
29.91943
27.57533
28.79554
27.52405
30.01112
27.18488
30.8099
29.98149
28.48161
27.30549
20.80489
28.04633
33.65536
29.69697
30.38396
28.18463
26.67762
32.45359
32.17404
29.25606
31.5041
29.93828
28.29002
29.76884
23.75131
30.48516
24.94409
33.55005
26.66308
26.8547
29.91419
24.35193
26.98707
32.60469
32.83052
27.98009
29.21934
31.73527
28.01287
28.17336
31.49524
29.00796
29.10936
28.9618
29.74111
31.75548
36.03629
31.11311
27.05758
28.39815
25.05694
27.01718
28.1312
29.69287
27.09679
30.9664
28.13671
25.8712
27.72097
30.86677
27.62273
31.27768
26.90732
32.54578
33.70444
31.2201
25.02673
26.66414
32.30313
31.90726
34.45245
30.80908
24.12231
32.785
30.08449
26.23008
29.54909
31.572
26.46595
31.66378
30.57186
26.33139
34.59509
26.20878
29.22654
28.13509
36.43239
25.97998
30.08053
34.49789
34.08365
29.36434
33.3725
33.29163
27.49943
29.91622
30.11709
29.02278
33.24654
30.14143
28.352
30.66971
32.63113
26.40033
30.23902
29.66344
30.66106
31.59994
30.65393
29.08723
29.40451
30.80297
34.0894
27.69032
27.70119
27.77545
26.35328
25.82098
27.1211
29.33896
35.51688
27.52422
27.20561
26.16651
34.64515
28.64799
26.51508
29.43089
33.42816
23.70018
25.85876
33.52104
30.26812
31.59843
31.21196
28.48254
24.92434
23.40744
31.16633
33.6429
25.15969
30.27095
25.00255
33.45188
33.66392
27.68656
35.18876
31.96119
28.03628
25.58129
26.56404
30.02513
33.8963
28.25701
26.59473
29.33096
32.08113
31.78727
29.17725
33.64574
21.92555
26.16465
31.25392
29.14306
28.556
26.70161
29.90879
30.40159
26.76815
29.39183
26.65359
28.18562
24.72781
29.14869
30.37303
29.15662
29.87927
32.46986
29.5133
27.10118
27.02486
28.40223
34.63468
27.94995
33.30444
26.80329
31.21215
30.81623
32.59629
31.8597
33.41059
27.04217
25.92018
32.06624
33.03224
31.01496
28.26503
29.65771
31.84991
29.00138
31.42015
27.01162
26.04478
28.71978
30.30639
30.7817
33.59737
27.55421
34.6817
28.4991
28.48325
30.14329
35.81868
29.04539
33.00819
32.71194
35.01169
33.94787
25.90962
35.3482
29.42209
27.9882
29.61114
26.83293
28.86032
29.38367
35.57463
30.29634
27.85202
30.3836
27.66176
29.77864
30.00909
26.56459
32.57688
25.61672
34.42176
31.53925
32.04434
35.4613
29.48839
32.20141
26.84455
27.14151
26.61687
30.13591
30.26447
28.64455
29.28731
31.15374
30.22736
26.01808
30.32421
27.88585
34.11129
32.87608
34.84585
34.60909
29.58272
34.82007
33.28182
27.65636
25.48055
29.10533
28.50457
28.77079
29.96099
31.22747
31.36123
27.41543
34.50572
31.31435
31.96414
30.04127
29.14097
25.49127
31.01957
32.38393
23.95743
29.36728
29.88689
25.46225
26.35208
30.50807
25.85714
25.29824
29.82583
25.5384
22.86619
28.93846
28.85631
27.69715
23.04848
27.4151
33.16526
30.27597
31.77161
36.25122
30.2685
29.56233
27.19351
27.17712
32.19221
27.45664
35.11964
24.42006
27.68197
31.57975
23.59874
29.87148
32.11223
26.39192
29.65108
28.53229
23.51309
32.23422
35.23926
27.10862
21.10987
27.32422
31.25917
26.81653
29.43022
32.39178
25.22846
27.57164
33.49952
29.25926
30.8887
31.42294
30.98217
27.44415
28.0848
30.00842
28.58025
29.22737
24.01872
26.24427
24.43455
27.02179
29.47779
24.0811
33.03208
26.57396
34.59105
29.95618
30.81177
28.79661
29.72757
29.96572
31.27595
29.3396
32.35147
29.94428
31.9576
29.73284
36.16095
32.79535
32.9872
31.4972
28.97806
29.9271
28.50968
29.99624
29.81826
30.45907
24.91808
30.10735
30.60738
33.46299
30.69109
34.31822
26.81185
29.03507
30.9041
26.59361
29.23422
26.52602
30.93544
30.77758
28.05798
29.70343
29.78578
32.19927
25.36959
28.17556
32.15132
29.36209
28.44898
31.30679
26.18768
27.09637
26.92276
31.509
31.66416
31.91966
29.0895
30.43368
32.4698
31.67869
33.34957
28.34828
33.21209
34.40497
32.37195
28.52785
30.72896
30.27445
28.23788
33.99866
27.7855
30.73706
31.71214
30.20413
25.197
26.82
28.22986
26.45373
29.46427
27.91631
30.6917
35.73651
29.53503
28.24841
29.00588
31.33819
32.67694
24.61137
32.19688
28.84751
29.89195
25.742
30.35347
26.96492
26.1654
25.69106
27.59498
30.05953
31.29984
27.86693
29.21269
25.24214
27.99859
30.87741
33.80435
27.69799
32.38108
28.464
30.79064
29.64864
26.99047
29.47536
33.64006
25.07898
27.53056
25.2395
31.23564
29.75519
30.38596
29.52893
28.43817
28.76473
33.53171
28.938
31.98899
30.28387
31.03513
30.52509
31.42978
32.75062
30.65302
33.50198
26.21291
31.44615
25.03527
27.72062
28.78797
36.4679
31.18193
24.57771
25.59512
29.7925
29.6231
28.67617
29.22694
29.58827
34.64785
27.908
26.4839
25.42111
31.31264
23.0145
29.69385
32.45497
31.29833
34.85287
24.93306
33.04609
31.5295
28.83503
28.20863
28.86725
29.79722
33.16824
27.72734
27.85035
29.87898
28.00979
31.45842
27.78734
30.95341
28.03743
25.87686
21.95509
29.25036
22.23753
28.23363
31.71489
31.00659
30.81644
32.83285
32.10935
34.87089
29.60376
31.86644
27.78985
27.57868
25.4163
30.55033
31.2714
29.86731
28.56054
29.62718
31.49828
29.08564
32.04794
31.98805
29.18523
32.64577
31.45297
28.81827
30.29762
28.90706
24.66484
26.58705
31.16667
27.55633
25.16397
23.62365
30.67776
32.48506
28.7711
31.53643
28.07023
33.5277
32.65606
32.56117
25.99791
25.81568
32.68384
33.23524
28.12946
30.06604
27.82899
28.04352
30.78934
25.09039
29.08003
29.77957
29.1774
33.75375
28.10158
32.01738
30.35885
30.12539
29.4732
26.57703
29.49057
32.05115
27.37081
25.41176
34.6874
31.18203
32.56803
32.10753
28.12971
28.65617
28.10096
33.56051
36.93092
28.3428
33.45407
25.5468
22.34874
25.46076
31.20822
28.37131
25.19975
24.25692
30.43262
26.21841
30.03758
34.16949
31.38263
34.5559
33.64981
31.02499
27.19924
34.52691
31.17659
26.43267
31.72821
32.18532
31.12336
30.84607
29.65141
28.48035
31.34833
27.952
29.35974
33.69211
35.13242
29.13866
30.60306
30.47883
29.24864
31.083
34.50086
31.20585
30.23141
32.97207
23.51658
31.02768
30.44398
25.12773
31.18618
25.23631
30.69747
33.18034
25.60124
30.75095
29.38116
32.19556
33.96459
31.87403
33.66087
30.77358
26.24967
31.10052
28.18393
30.55927
35.06733
34.09623
28.51968
32.95975
32.23389
31.87103
31.6173
28.01466
31.13722
31.55808
31.0383
23.58783
27.14957
29.12313
31.74528
24.72572
30.53437
25.46586
26.69678
29.78292
31.21746
30.13165
33.68972
33.07002
27.01735
31.09516
25.54239
27.88054
26.42081
32.16918
30.87589
31.73219
30.8021
29.82217
24.93876
28.20029
28.48254
27.98255
21.50334
31.00588
28.79507
29.37782
29.03383
25.58927
33.17205
25.92523
30.50546
24.69919
27.20915
26.48848
28.24385
30.19604
27.87164
31.62667
27.91914
29.50513
26.50673
29.51558
31.69239
25.48358
25.63834
26.15027
32.83933
28.70808
33.37479
29.01634
27.86372
30.49373
26.78436
31.81641
30.47409
27.924
29.37154
27.43647
25.11705
32.35268
30.12472
31.66049
27.01019
28.07855
29.07402
29.69874
28.57898
30.36214
23.76191
27.86747
27.6442
28.83492
31.45063
31.14285
25.32821
27.78553
29.47216
27.40196
25.51876
26.98426
30.52147
28.82776
27.55852
32.94965
35.10391
32.55179
31.77146
28.98952
31.17145
30.23875
31.75862
32.97564
29.5851
26.15203
29.04193
32.57035
28.41958
28.26277
27.98104
34.8524
30.13536
32.85559
31.06856
33.69148
31.39623
29.97856
30.48949
31.20729
32.91987
31.99259
30.63973
26.33037
28.24457
32.91839
27.17012
27.97633
33.51049
25.34639
24.64131
33.76362
35.9299
23.43894
31.17037
31.27615
28.17793
29.79619
26.03732
32.96699
25.91078
28.76615
29.92494
24.03722
33.33785
36.06081
28.94948
31.9454
29.21102
27.08777
20.9977
27.60095
30.57492
30.00204
28.97968
29.97623
32.89946
31.9454
30.13918
30.83563
30.67349
28.45123
29.37682
31.30434
35.82162
27.8249
27.52601
33.93053
24.30037
30.04308
26.11274
31.97713
25.2535
29.67789
28.86906
28.23436
23.42698
29.49372
24.74798
29.98061
31.51843
28.15511
31.81501
32.20738
26.9325
32.8775
30.45575
27.47299
33.27892
32.63679
29.56046
26.91836
35.04987
26.33234
31.55476
31.18659
32.09093
31.1681
26.96597
33.91535
27.12001
33.19141
27.39726
27.68166
29.97018
28.79809
35.23929
24.71478
31.37854
33.42572
31.5457
31.73789
28.6736
31.43344
34.48143
30.59713
28.94448
32.96906
29.75982
32.55631
31.55934
30.44415
29.8951
27.31073
29.22694
28.88315
30.54283
23.93319
30.14422
29.97757
32.43412
25.30679
31.43168
28.85088
29.3234
28.68334
30.5868
36.02161
29.11393
27.67873
30.75469
24.33426
28.56714
30.26556
23.37757
25.60359
32.69237
27.5767
32.79775
31.35263
28.06626
32.56823
31.70732
30.35905
34.31109
31.90667
27.65397
21.18259
28.94869
27.36476
31.39679
28.04175
29.57943
26.80668
28.57768
32.76164
27.29092
31.7244
27.98857
29.86855
31.64835
28.25129
26.14149
32.83763
25.6994
25.65209
28.74215
27.9846
33.71661
31.61969
30.41513
31.51595
30.47608
33.37132
30.74078
26.02111
26.8825
28.76326
29.86394
33.56494
25.55339
29.12053
30.10945
27.364
35.04881
27.04132
28.6318
30.86309
29.02448
27.73886
31.49045
30.33172
28.85035
32.28047
35.3561
30.29837
30.23899
28.64574
32.24496
31.66801
34.67121
27.79912
26.36353
30.601
29.18307
31.87609
30.84549
25.86367
31.16521
28.15497
30.30189
27.02449
29.30305
32.36631
31.10916
26.37564
28.91069
24.69687
30.10992
29.9151
31.34785
27.15254
29.11048
29.63868
30.0926
31.46931
28.24532
29.22449
30.60965
28.27878
34.32471
27.77073
33.23358
26.47134
31.46154
27.59666
33.3815
30.99306
34.92011
29.74959
31.2777
20.45875
31.2009
29.18537
26.37862
30.85596
29.77987
28.17334
26.82218
32.11298
24.74806
29.96754
34.34847
31.43311
30.54778
28.85467
25.4939
31.15858
31.19373
30.29736
28.12111
32.72867
27.42575
27.12999
29.27314
28.3152
27.85906
29.76594
30.55243
27.05947
28.82415
33.28496
30.57231
28.17552
27.93762
33.17143
29.43231
29.01959
25.63343
27.98637
29.99256
28.30128
27.24713
33.90747
26.2595
28.03133
31.55961
27.24493
27.2921
29.93895
22.99917
34.20538
32.1832
30.25199
27.26658
29.1093
25.48281
29.15605
29.34859
26.11268
27.1623
32.3807
23.72596
29.99189
24.42883
31.89122
29.06208
28.06681
28.93636
24.80108
24.21782
29.69272
26.17069
31.15651
30.21392
29.18151
25.54744
26.98936
30.73896
33.00226
33.49782
32.2117
33.49891
35.47407
33.02272
32.5096
34.14383
28.01586
25.13834
31.37293
28.03464
28.45054
29.12575
30.49519
27.02143
31.63471
26.57919
29.29521
27.98617
28.68615
26.85604
29.04992
28.42247
30.36092
31.26355
30.06566
35.88089
32.49529
28.6976
30.57499
35.24029
35.62158
26.70971
31.90936
31.99567
26.91807
31.9131
32.33611
29.40231
30.70311
29.34125
34.94923
28.87706
27.18867
33.55547
28.40127
29.69447
33.10732
35.15716
32.25843
29.81409
32.18532
27.72328
27.69812
31.0312
32.78826
35.96772
35.11035
32.03642
32.68476
34.12272
28.86587
28.67564
30.68989
29.28935
30.49789
25.84341
24.10983
32.60131
24.18424
31.79778
29.50718
29.36049
30.61115
27.19889
27.30289
31.25046
34.16213
33.97886
33.96304
32.93801
29.82623
27.67634
32.94214
27.34828
27.93854
29.25475
29.1937
32.98468
28.23319
23.99818
22.13578
19.24408
30.68562
32.38108
34.12744
30.346
30.73655
30.84656
31.09986
28.54678
34.85487
26.2492
31.39214
31.65778
27.71841
34.51765
30.49585
28.9321
26.1455
29.24615
31.57505
26.27562
29.48295
29.03519
31.29071
25.03779
22.17739
33.31906
24.52467
26.41506
29.17109
33.77905
23.48079
29.48102
31.53575
29.11851
33.85047
27.01136
27.47998
27.25147
34.12049
35.51006
30.80603
30.11862
27.63835
33.48545
31.40196
29.63807
28.19497
25.78248
30.82022
28.56602
31.67116
33.86138
24.18037
30.93468
28.9364
29.3593
25.72684
31.29841
32.78723
27.44047
32.13365
26.02744
32.12796
27.8187
27.8127
31.14884
29.62782
28.17224
32.63153
28.55708
27.40492
32.51268
29.59085
26.26752
31.7706
28.84374
27.85313
33.87687
30.47947
25.03107
26.85098
30.84655
33.26874
28.38345
26.50622
29.16779
26.8329
26.2972
25.88078
31.75572
30.96468
30.97234
31.00786
31.00215
32.07683
30.40978
19.38825
31.83865
33.04784
31.43945
31.19312
28.73602
29.82666
26.77609
31.21919
31.54666
27.78854
28.67217
29.17987
28.78758
25.69658
27.02474
28.79958
33.05197
30.15559
33.19178
26.68943
30.13415
22.83102
28.89722
27.69647
30.7414
34.81429
32.63324
33.40658
26.10437
29.92873
34.93263
30.71524
33.42244
33.43033
29.72542
31.05384
24.64525
30.71716
28.69863
28.39344
29.76847
28.96957
28.1732
35.70399
32.35765
34.0096
28.54707
27.17765
27.73066
28.13204
25.90952
31.0728
28.63867
31.5644
30.73765
32.58831
31.96958
29.34896
29.31553
30.48364
31.31929
23.07939
23.5628
30.96247
29.1809
25.16853
27.9627
33.6429
34.73273
30.50647
26.96779
31.07892
30.43926
31.25163
28.54324
32.15765
27.61195
33.30959
34.71262
32.31692
31.24106
25.90327
33.02927
24.38388
26.74841
32.30849
31.65616
28.8848
23.7295
27.32851
24.07485
27.63582
33.06999
24.50357
31.2893
28.20823
29.14461
27.62712
30.98897
28.84482
26.45282
32.15701
32.3404
34.23493
32.29111
32.78548
33.26261
33.83445
27.57329
28.99546
29.2741
27.67572
29.05322
30.66849
32.80545
33.53495
27.59122
29.97405
30.12875
31.20611
30.19379
31.1141
30.70234
28.52147
28.78991
32.09788
31.59611
31.27889
28.26625
26.95941
29.57358
33.64422
27.46861
31.51035
31.10385
27.12369
31.73013
27.72988
32.11899
34.31822
33.47571
30.4526
27.07207
32.76314
27.5247
32.84471
26.32268
29.15721
26.99305
31.7516
31.67876
31.97921
30.31268
26.7526
31.71284
33.66391
28.48224
32.97883
28.54783
35.55116
29.45284
33.52533
27.52268
31.29161
28.08364
30.18859
30.8646
28.24447
31.70038
24.96214
26.997
27.24047
30.40806
27.54245
27.01779
27.39627
26.7904
32.31835
28.87708
27.78971
28.11258
34.87857
28.20159
32.26766
25.91929
25.30859
29.53689
26.03128
28.05651
25.69906
33.19852
30.84922
25.09369
29.16035
30.46585
32.01274
29.1486
24.24448
32.8554
28.48592
28.18018
27.74028
35.68736
26.2203
33.39967
19.86651
32.79452
24.32374
35.95461
31.19048
33.95611
29.46723
33.74994
25.96458
31.92216
27.90487
26.09068
32.38007
31.5207
31.18141
30.23658
31.80245
27.4448
27.78039
29.71948
31.96664
33.8052
31.27141
28.89595
33.93318
24.45662
31.28799
28.69572
27.54513
26.09307
27.5259
29.79221
28.81807
28.51734
25.21828
31.62961
33.41653
29.92842
36.20925
27.50864
30.01663
27.42577
29.28173
29.48064
30.46885
33.8813
29.43529
30.63707
32.63897
27.2221
26.14744
26.37267
31.64355
30.63001
28.05219
30.91249
30.24518
30.74643
31.85729
33.38822
30.13788
23.24933
32.34654
24.90929
30.72853
19.17361
32.81974
31.26938
